p	max	100	5000
n	1	s	
n	2	t	
a	57	50	1718
a	43	3	2899
a	63	76	4366
a	29	44	4676
a	33	41	1205
a	90	42	886
a	80	12	2699
a	86	22	1511
a	52	98	1170
a	19	91	3666
a	76	88	3120
a	5	84	1587
a	62	31	2138
a	28	10	377
a	85	87	950
a	14	77	4610
a	95	98	1665
a	65	11	4973
a	85	56	4624
a	41	34	3091
a	88	67	252
a	37	54	169
a	94	57	2313
a	23	84	3770
a	50	18	2096
a	70	81	1805
a	46	30	2347
a	12	90	3821
a	16	29	2041
a	79	82	1437
a	26	74	4316
a	83	23	2231
a	69	40	3991
a	92	78	4995
a	96	9	4306
a	25	3	1768
a	82	52	1247
a	45	64	3217
a	1	58	3797
a	21	55	3787
a	78	56	2264
a	7	4	2008
a	11	65	1878
a	54	33	2605
a	58	44	2282
a	44	15	4310
a	91	44	3627
a	77	81	4857
a	24	99	1674
a	6	87	4431
a	10	26	1779
a	30	89	4220
a	87	24	2114
a	77	34	106
a	63	19	512
a	80	89	839
a	100	20	1686
a	63	96	4988
a	33	53	2154
a	19	6	2131
a	5	39	2743
a	9	60	2723
a	52	70	494
a	42	60	3853
a	99	50	4130
a	75	13	392
a	95	70	2590
a	65	23	1179
a	41	30	2563
a	98	89	1700
a	27	95	876
a	47	16	2653
a	51	85	4181
a	23	11	2592
a	13	49	2779
a	70	34	3718
a	40	81	4340
a	50	54	714
a	97	98	697
a	22	35	1720
a	69	12	912
a	35	5	3674
a	96	21	922
a	72	30	4896
a	21	75	4747
a	44	92	2146
a	87	79	4611
a	34	57	1517
a	6	51	4648
a	67	35	3734
a	87	60	4093
a	33	96	598
a	80	69	2442
a	43	75	8
a	29	20	1321
a	15	33	1104
a	76	17	2921
a	5	27	2249
a	9	88	958
a	66	27	4443
a	86	94	2026
a	52	90	2412
a	15	86	4822
a	56	29	4148
a	42	16	1056
a	18	41	4717
a	75	88	306
a	95	21	81
a	4	84	4872
a	99	46	821
a	65	66	546
a	85	15	1131
a	75	41	1174
a	88	59	1473
a	23	47	660
a	64	36	3587
a	84	47	419
a	13	85	4992
a	70	14	3617
a	40	77	4229
a	60	16	3452
a	36	25	2209
a	97	29	3593
a	26	19	4732
a	93	73	1880
a	79	10	2984
a	31	36	4231
a	35	33	3108
a	96	49	3453
a	11	56	3759
a	68	63	4064
a	72	58	4777
a	1	98	1312
a	7	76	401
a	24	44	351
a	34	93	1151
a	20	24	329
a	77	25	4844
a	6	31	826
a	81	94	2914
a	57	21	831
a	63	43	3979
a	29	71	1183
a	33	12	4361
a	39	50	2485
a	86	11	3609
a	19	62	3941
a	32	34	2253
a	89	55	4636
a	95	9	178
a	65	46	713
a	28	86	962
a	85	35	1160
a	61	26	1930
a	47	91	668
a	17	92	154
a	37	17	3163
a	27	7	188
a	88	23	996
a	3	46	2341
a	60	69	1109
a	84	67	1315
a	40	41	1031
a	60	52	1712
a	16	50	582
a	97	57	740
a	12	6	3147
a	35	76	976
a	55	17	3217
a	59	82	6
a	45	91	411
a	21	18	2188
a	72	86	4918
a	54	90	1848
a	78	76	2413
a	20	77	794
a	24	8	2438
a	30	98	1522
a	34	97	1346
a	57	49	2460
a	29	43	3651
a	90	43	1663
a	9	7	3087
a	52	99	3028
a	15	25	3579
a	19	90	3214
a	76	89	2564
a	5	83	473
a	62	28	1606
a	8	88	4531
a	89	19	3792
a	75	96	3971
a	4	44	4367
a	8	39	3317
a	65	10	1605
a	98	37	3188
a	74	10	25
a	3	10	322
a	23	87	3229
a	50	19	1483
a	70	86	3378
a	36	81	2328
a	97	69	2272
a	83	22	2841
a	12	42	3066
a	69	23	603
a	45	46	3066
a	82	53	2618
a	21	54	1573
a	11	64	2957
a	54	38	2073
a	58	45	148
a	34	18	1837
a	20	97	3475
a	77	80	3758
a	24	100	914
a	6	84	3754
a	10	27	1277
a	67	70	1154
a	30	94	948
a	91	92	1464
a	77	33	4619
a	63	18	49
a	57	77	3481
a	29	15	4517
a	33	52	68
a	5	38	4977
a	9	35	2964
a	86	51	3581
a	52	71	1786
a	42	61	584
a	99	53	3918
a	65	22	3111
a	37	88	4318
a	41	29	2300
a	98	86	3769
a	27	94	31
a	88	32	2162
a	51	84	2465
a	17	36	1246
a	74	46	2142
a	40	82	1821
a	60	13	2010
a	64	72	4584
a	50	55	4442
a	26	60	138
a	79	49	4515
a	83	50	1339
a	59	45	4596
a	49	87	2445
a	31	67	1435
a	92	83	490
a	55	89	285
a	25	30	1935
a	11	31	3799
a	1	5	2940
a	21	74	373
a	44	93	4967
a	48	24	3430
a	54	2	864
a	30	43	3030
a	87	78	2797
a	34	54	4557
a	91	11	4557
a	24	64	2430
a	6	48	3017
a	10	63	1885
a	67	34	2273
a	43	61	3235
a	43	74	2610
a	100	9	2642
a	15	32	636
a	76	18	3170
a	5	26	3796
a	62	69	3968
a	9	95	1
a	66	24	1344
a	86	95	4945
a	52	91	3918
a	56	30	3674
a	42	17	1949
a	32	7	3834
a	18	38	1016
a	4	85	4615
a	8	16	854
a	89	75	3216
a	75	40	1905
a	27	58	583
a	47	55	2054
a	23	46	1723
a	64	37	2331
a	13	84	4164
a	74	66	3211
a	60	17	4405
a	36	26	2369
a	79	100	4952
a	83	97	142
a	46	87	2735
a	12	99	1602
a	73	27	643
a	93	72	671
a	79	21	4558
a	35	83	4027
a	55	12	612
a	96	67	2558
a	59	73	15
a	25	73	3605
a	92	55	854
a	96	50	3155
a	7	62	2223
a	68	56	529
a	72	59	4880
a	1	97	305
a	44	65	1458
a	34	90	2363
a	91	23	2117
a	20	25	187
a	77	24	3889
a	6	28	2625
a	81	93	4559
a	39	92	1570
a	43	25	2345
a	100	94	1158
a	63	42	512
a	29	70	4730
a	33	3	1871
a	53	64	624
a	39	45	420
a	86	8	1739
a	76	54	3473
a	42	98	2321
a	62	97	4624
a	52	63	1034
a	56	58	4588
a	32	35	200
a	89	54	3153
a	75	71	4555
a	38	73	2552
a	95	8	271
a	61	25	2468
a	17	83	4111
a	94	67	3089
a	98	30	3150
a	27	6	3765
a	88	24	2518
a	3	17	1780
a	84	76	131
a	36	62	1130
a	93	59	860
a	97	56	516
a	69	50	2903
a	73	55	3060
a	49	14	1934
a	92	100	695
a	55	16	3032
a	59	85	4010
a	82	78	2522
a	92	27	2304
a	78	34	74
a	48	81	1468
a	72	87	4104
a	54	91	2157
a	1	77	696
a	20	78	1034
a	10	100	920
a	20	61	1447
a	43	5	4832
a	29	42	261
a	86	20	1260
a	76	90	1080
a	5	82	1914
a	62	29	4843
a	66	64	2000
a	8	89	553
a	28	4	3929
a	32	79	2449
a	14	83	1912
a	89	18	3596
a	8	40	4199
a	65	9	3361
a	88	69	2679
a	98	34	1686
a	3	13	221
a	84	96	2223
a	50	16	893
a	40	6	2107
a	46	28	1926
a	16	31	825
a	73	66	4253
a	36	82	8
a	93	31	2521
a	79	92	675
a	26	72	2930
a	83	25	3988
a	12	43	1306
a	49	42	3993
a	96	11	2105
a	21	53	1973
a	78	62	4821
a	7	6	3619
a	11	67	1596
a	54	39	425
a	58	42	1380
a	44	9	2306
a	91	46	829
a	20	98	304
a	77	79	33
a	6	85	2718
a	81	20	750
a	10	24	4070
a	91	95	4697
a	77	32	4153
a	33	90	4603
a	53	23	3684
a	39	100	3576
a	80	91	3658
a	43	97	3281
a	100	22	199
a	63	98	4301
a	29	14	355
a	90	12	1493
a	9	34	4369
a	56	3	1336
a	42	58	1556
a	62	57	3231
a	38	6	78
a	65	100	2860
a	75	15	1640
a	51	38	1048
a	61	65	3328
a	37	40	14
a	94	27	1474
a	84	21	2017
a	13	47	3310
a	70	32	3320
a	74	47	2391
a	26	61	2733
a	93	99	3748
a	97	96	3296
a	69	10	3418
a	59	44	3448
a	92	44	4293
a	11	30	1409
a	1	4	4232
a	21	73	2502
a	78	26	681
a	44	94	1599
a	54	3	1804
a	34	55	4448
a	24	65	3364
a	6	49	3079
a	10	60	1882
a	39	8	3551
a	29	18	2495
a	15	35	2842
a	76	19	1214
a	5	25	2270
a	66	25	4170
a	86	92	4471
a	52	36	3007
a	15	80	3666
a	56	31	787
a	76	98	4873
a	32	24	275
a	38	34	3135
a	65	64	3327
a	28	76	4339
a	89	74	4519
a	75	43	1170
a	47	65	819
a	84	41	3582
a	74	67	3447
a	40	79	2296
a	3	69	779
a	64	85	4649
a	97	19	502
a	26	17	4343
a	46	84	2288
a	73	26	488
a	79	20	258
a	35	82	4981
a	59	72	4313
a	31	38	2004
a	92	48	2059
a	96	51	1797
a	68	57	2792
a	72	60	2897
a	1	96	1883
a	24	46	950
a	91	22	3103
a	77	23	4791
a	6	29	1901
a	57	27	4345
a	43	24	3527
a	29	69	1804
a	90	85	888
a	53	79	1033
a	56	76	505
a	19	64	4549
a	76	55	1968
a	28	33	1408
a	32	36	567
a	89	53	4075
a	18	11	3396
a	95	11	3421
a	99	76	1012
a	8	13	4821
a	28	80	423
a	85	33	643
a	37	31	505
a	94	64	2698
a	98	31	4644
a	88	25	3247
a	84	77	3394
a	40	43	1634
a	60	54	273
a	16	52	187
a	36	63	4912
a	93	58	4522
a	69	49	1409
a	16	67	3664
a	35	78	269
a	82	79	137
a	45	89	436
a	92	20	472
a	21	16	2292
a	48	82	1661
a	11	38	4338
a	72	88	1094
a	58	23	4611
a	44	38	2677
a	20	79	4868
a	24	10	490
a	81	47	3228
a	77	59	883
a	53	50	124
a	43	4	1772
a	63	73	4753
a	29	41	4298
a	33	46	4913
a	80	15	4775
a	66	46	3780
a	86	21	2881
a	15	27	4287
a	19	92	3633
a	76	91	3270
a	62	2	2496
a	52	28	2986
a	38	27	3527
a	99	27	475
a	32	64	1049
a	71	97	809
a	75	98	4955
a	41	39	3820
a	61	60	2826
a	88	70	1889
a	37	51	3732
a	94	60	1518
a	98	35	1444
a	23	81	1186
a	50	17	2853
a	70	84	3477
a	12	85	2770
a	93	30	2530
a	22	26	4767
a	79	95	161
a	26	73	4765
a	12	36	2764
a	69	21	3880
a	45	44	4464
a	49	41	2858
a	96	12	1546
a	82	51	2460
a	11	66	4327
a	67	72	1343
a	87	21	1671
a	91	94	351
a	53	22	1412
a	57	83	3967
a	43	96	2673
a	100	23	3145
a	29	13	3819
a	90	13	216
a	5	36	890
a	66	50	196
a	86	49	3250
a	99	55	176
a	71	69	4160
a	37	70	833
a	41	3	1503
a	98	84	3694
a	27	80	3512
a	47	29	4658
a	84	22	1207
a	13	46	1890
a	74	44	3747
a	50	53	1386
a	83	71	4944
a	93	98	1514
a	22	38	4095
a	83	52	3001
a	55	42	2406
a	45	16	4763
a	31	77	3968
a	35	6	3209
a	21	72	2203
a	91	13	1903
a	20	7	524
a	6	54	3892
a	63	48	4853
a	80	56	3864
a	100	11	4019
a	29	17	913
a	19	39	4731
a	76	12	3988
a	66	22	346
a	86	93	3776
a	52	37	1905
a	15	83	4834
a	32	25	1686
a	18	36	4489
a	75	93	1203
a	38	35	470
a	4	87	4025
a	99	83	3096
a	65	71	902
a	28	77	2451
a	85	12	2283
a	14	8	2213
a	89	73	3256
a	71	41	523
a	51	5	2114
a	47	49	249
a	17	6	4839
a	3	55	4771
a	23	40	2970
a	84	42	1900
a	13	82	4817
a	70	13	617
a	74	64	3959
a	40	48	1677
a	60	19	990
a	64	86	1095
a	97	18	131
a	46	85	3976
a	69	92	3708
a	73	25	4718
a	93	70	4412
a	79	23	4993
a	35	85	4216
a	55	14	1362
a	96	69	2547
a	7	56	3912
a	68	58	700
a	72	61	4394
a	44	67	2773
a	7	73	3213
a	10	78	4175
a	30	5	1393
a	77	22	4723
a	81	83	2236
a	6	18	2202
a	43	27	2899
a	63	84	2737
a	53	78	850
a	100	47	4329
a	56	77	4877
a	42	96	3432
a	52	57	3051
a	56	60	1817
a	32	37	11
a	4	75	3628
a	99	79	4523
a	71	13	1831
a	61	23	922
a	51	97	982
a	94	65	4739
a	88	26	2422
a	3	19	3428
a	60	64	4527
a	23	76	690
a	64	3	1034
a	40	44	3938
a	60	55	4638
a	16	53	4384
a	36	56	1213
a	93	57	1114
a	69	48	1355
a	16	68	259
a	55	18	2889
a	59	87	2141
a	82	76	1472
a	45	88	2198
a	21	31	3839
a	78	32	767
a	7	28	4792
a	72	89	942
a	58	20	1565
a	78	83	3967
a	20	72	192
a	24	11	4125
a	81	46	1067
a	10	98	2642
a	30	97	573
a	77	58	4946
a	57	54	1612
a	39	66	4725
a	43	7	4596
a	29	40	219
a	33	45	3412
a	9	4	4936
a	86	42	1510
a	19	95	4497
a	62	3	1137
a	52	29	2858
a	38	24	3543
a	99	26	2399
a	8	91	293
a	85	83	4090
a	32	65	718
a	14	81	335
a	89	16	335
a	71	96	4578
a	4	47	3615
a	41	38	2149
a	61	59	2491
a	37	50	1473
a	98	32	4918
a	13	9	4425
a	70	58	1275
a	74	9	4653
a	60	100	1397
a	50	14	3366
a	70	85	4430
a	26	39	3706
a	12	86	212
a	16	17	2556
a	22	27	4878
a	79	94	851
a	26	86	3141
a	69	20	4372
a	59	2	4248
a	25	7	2706
a	82	48	4812
a	21	51	4416
a	78	60	1507
a	11	69	2523
a	54	37	1275
a	58	40	2383
a	44	11	2146
a	34	17	2332
a	81	10	4001
a	30	93	898
a	87	20	3509
a	53	21	4828
a	57	82	678
a	19	10	968
a	5	35	523
a	52	66	2531
a	62	63	163
a	99	54	810
a	4	3	1274
a	51	40	2570
a	37	69	770
a	41	2	3728
a	61	95	3469
a	27	83	1086
a	47	28	3908
a	70	38	4938
a	74	45	4248
a	60	8	3954
a	64	75	4553
a	26	59	2984
a	83	70	496
a	46	62	2475
a	93	97	2819
a	22	39	1117
a	83	55	1219
a	59	46	3360
a	49	84	376
a	96	41	1553
a	82	20	33
a	11	16	1757
a	72	2	2113
a	78	24	4658
a	11	97	3747
a	30	46	3212
a	87	75	30
a	34	53	1919
a	91	12	4569
a	6	55	947
a	43	62	4770
a	33	100	288
a	39	10	202
a	80	57	3083
a	15	45	2510
a	19	38	2764
a	76	13	4009
a	5	7	828
a	62	72	717
a	66	23	4785
a	86	82	495
a	52	38	1519
a	15	82	985
a	56	33	3387
a	42	28	129
a	99	82	2391
a	14	9	3035
a	89	72	1786
a	71	40	1092
a	47	67	1863
a	88	63	3753
a	17	5	2535
a	3	54	859
a	23	43	3904
a	64	56	2413
a	84	43	1727
a	50	71	3468
a	3	71	4591
a	60	44	1357
a	22	80	2068
a	79	97	4029
a	26	31	3816
a	83	98	4277
a	46	90	2052
a	69	91	4732
a	16	89	2515
a	79	22	3923
a	35	84	4862
a	55	9	3294
a	25	78	4127
a	35	37	3458
a	92	50	352
a	11	60	4950
a	72	62	3384
a	7	72	4228
a	10	79	4487
a	30	10	1666
a	34	89	2840
a	20	36	105
a	24	95	1605
a	57	25	464
a	39	89	2917
a	90	83	1530
a	76	49	976
a	62	100	2522
a	56	61	218
a	28	35	4983
a	38	76	4288
a	8	15	2686
a	28	82	2369
a	51	96	2165
a	17	80	1803
a	94	70	3683
a	41	90	4932
a	98	29	4494
a	88	27	407
a	74	18	1720
a	3	18	909
a	23	79	1332
a	84	79	2
a	97	61	3117
a	79	69	2924
a	12	2	4259
a	16	69	4627
a	49	3	2640
a	25	42	2583
a	82	77	4332
a	45	87	4071
a	92	22	2898
a	21	30	1550
a	11	88	2277
a	68	31	3427
a	1	66	3366
a	78	80	269
a	44	32	4711
a	48	35	1787
a	34	10	3478
a	43	6	4224
a	63	75	677
a	66	44	2398
a	86	43	3828
a	19	94	2791
a	5	95	3285
a	52	30	3941
a	8	92	643
a	28	7	783
a	85	82	2303
a	14	86	1209
a	75	100	3219
a	8	43	3366
a	41	37	3559
a	61	58	2586
a	88	72	2446
a	17	60	82
a	94	34	742
a	13	8	824
a	70	59	2945
a	23	83	1909
a	84	99	1944
a	70	74	2672
a	26	36	4246
a	12	87	1173
a	16	18	4863
a	73	71	3586
a	36	93	3019
a	93	28	3024
a	22	24	27
a	26	87	444
a	83	26	565
a	59	5	790
a	92	75	3857
a	58	70	4333
a	78	61	392
a	7	3	4549
a	91	35	39
a	6	72	4141
a	81	9	4434
a	30	66	3449
a	91	80	1479
a	53	20	3585
a	57	81	3402
a	39	97	1458
a	43	98	1844
a	100	17	1459
a	29	11	2422
a	5	34	475
a	9	39	1403
a	66	48	2320
a	56	6	2518
a	42	57	3473
a	62	60	318
a	38	5	3408
a	95	60	4254
a	14	50	4955
a	18	81	4994
a	4	12	4143
a	98	82	598
a	47	31	4955
a	88	36	1171
a	84	16	1355
a	60	9	1369
a	26	56	12
a	83	73	2368
a	93	96	3753
a	22	36	2440
a	83	54	3879
a	55	36	1707
a	59	33	741
a	31	79	3713
a	96	42	2187
a	1	25	3010
a	78	25	4880
a	11	96	1379
a	87	74	2117
a	34	50	2490
a	91	15	2655
a	24	68	102
a	10	59	3190
a	43	49	2927
a	80	58	3755
a	43	78	2708
a	100	53	2990
a	76	14	2613
a	62	73	1121
a	66	20	2630
a	86	83	3124
a	52	39	1862
a	38	33	1437
a	95	16	1313
a	65	69	1765
a	89	79	130
a	71	43	2905
a	75	44	370
a	47	66	4241
a	61	98	2150
a	27	62	3633
a	47	51	4538
a	3	57	4688
a	64	57	3782
a	50	68	1022
a	13	80	4173
a	74	78	3775
a	40	50	1241
a	3	70	848
a	60	45	3196
a	36	6	4139
a	97	16	2742
a	79	96	39
a	26	28	2398
a	46	91	3336
a	12	31	461
a	69	90	2347
a	59	77	204
a	31	35	425
a	7	58	2464
a	68	36	1210
a	72	63	2585
a	44	61	3898
a	7	75	784
a	68	75	3455
a	10	76	2647
a	34	86	1799
a	57	24	1222
a	39	88	3591
a	43	29	4677
a	100	90	3355
a	63	86	63
a	29	66	3561
a	33	7	2620
a	39	41	4764
a	100	41	3912
a	76	50	3839
a	56	62	1685
a	28	60	2195
a	32	39	943
a	89	58	2473
a	38	77	4901
a	4	53	4739
a	51	99	1071
a	37	28	3309
a	41	89	3373
a	98	26	578
a	27	26	2070
a	88	28	3569
a	60	66	3614
a	84	72	548
a	74	98	52
a	46	4	4791
a	36	58	27
a	93	55	1503
a	79	68	2101
a	12	3	1404
a	73	59	2241
a	49	2	2459
a	92	96	2613
a	96	99	1347
a	82	74	2286
a	45	86	152
a	68	24	4173
a	72	91	1203
a	54	95	3060
a	1	65	3910
a	58	18	1330
a	78	81	1442
a	44	33	4175
a	24	13	1747
a	81	44	2579
a	10	96	4127
a	20	57	2568
a	29	38	1701
a	33	35	1778
a	86	40	1066
a	76	86	302
a	5	94	3011
a	99	28	3448
a	8	93	1630
a	32	67	4744
a	14	87	3807
a	71	98	333
a	8	44	857
a	41	36	4970
a	61	57	4584
a	27	73	4763
a	88	73	4184
a	37	48	4989
a	94	35	4807
a	74	55	2837
a	64	97	137
a	50	12	2831
a	70	75	385
a	26	37	4793
a	46	32	551
a	12	80	2675
a	16	19	1096
a	73	70	1348
a	36	94	1555
a	22	25	3959
a	79	88	3123
a	26	84	907
a	83	29	4410
a	59	4	2575
a	45	41	4937
a	49	46	4930
a	96	15	4016
a	25	5	4654
a	82	46	3771
a	1	60	1197
a	58	71	4542
a	21	49	2972
a	78	2	563
a	7	2	1507
a	11	71	3219
a	34	47	2685
a	91	34	2549
a	6	73	2963
a	63	25	1020
a	53	19	3498
a	39	96	775
a	100	18	1320
a	90	8	1352
a	19	12	1394
a	5	33	3035
a	66	49	3830
a	52	76	2271
a	56	7	4151
a	18	63	1446
a	95	63	2152
a	99	56	677
a	28	100	4167
a	4	13	2608
a	95	76	3803
a	51	42	336
a	98	83	2337
a	61	93	1386
a	27	85	2550
a	51	91	3117
a	17	31	3068
a	13	43	2355
a	70	36	1549
a	64	77	3438
a	22	74	4787
a	97	11	3979
a	26	57	4963
a	46	60	686
a	97	100	60
a	22	37	2057
a	79	60	3091
a	55	39	448
a	45	13	1341
a	35	11	2496
a	92	40	4346
a	55	84	2181
a	96	43	3733
a	82	18	4725
a	72	4	2711
a	1	24	369
a	44	90	2885
a	48	29	3805
a	68	80	1610
a	30	44	4859
a	91	14	552
a	20	2	1191
a	6	53	1024
a	43	48	4721
a	63	61	2153
a	43	65	2
a	9	66	3484
a	66	21	1534
a	86	80	3534
a	52	32	4989
a	56	35	4505
a	42	26	3830
a	32	28	4373
a	18	35	862
a	75	94	2051
a	95	19	1341
a	8	21	63
a	99	84	783
a	65	68	1837
a	85	9	1594
a	75	47	3591
a	47	77	1374
a	51	6	213
a	47	50	2356
a	3	56	4451
a	23	37	3161
a	64	58	1142
a	13	79	2192
a	3	73	323
a	60	46	1999
a	36	7	4496
a	22	86	2887
a	79	99	1137
a	83	100	3606
a	46	88	124
a	69	89	3701
a	73	30	3429
a	93	67	1873
a	79	16	4368
a	35	86	4739
a	55	11	3843
a	96	88	1322
a	31	34	1529
a	7	53	392
a	11	62	4053
a	68	37	3348
a	72	32	490
a	1	100	61
a	44	62	4111
a	20	38	1122
a	77	19	2158
a	43	28	4903
a	100	91	4557
a	63	81	4579
a	33	6	3375
a	39	40	487
a	80	39	4524
a	15	3	3264
a	19	68	1795
a	56	63	793
a	18	7	1178
a	38	66	4928
a	4	54	4832
a	71	14	1938
a	61	20	3380
a	47	97	1699
a	17	86	362
a	27	29	4632
a	88	29	963
a	74	16	2526
a	84	73	587
a	74	99	3978
a	40	47	3036
a	46	5	1602
a	36	59	1155
a	12	60	2302
a	69	61	647
a	73	58	4086
a	96	100	1702
a	82	75	250
a	92	16	2453
a	21	28	2707
a	48	86	3705
a	72	92	240
a	1	64	3163
a	24	14	4699
a	81	35	4720
a	20	58	278
a	77	55	3520
a	53	62	3925
a	57	59	4561
a	29	37	3170
a	33	34	922
a	80	3	2319
a	66	42	1361
a	86	41	714
a	42	67	3072
a	5	93	4748
a	66	93	453
a	52	24	3464
a	38	31	260
a	8	94	1136
a	99	31	924
a	85	80	698
a	89	21	255
a	71	93	2831
a	98	76	274
a	61	56	4938
a	47	5	2620
a	88	74	777
a	17	50	214
a	98	63	2569
a	13	6	913
a	74	52	3075
a	64	98	2249
a	70	72	1665
a	40	11	4740
a	26	34	436
a	12	81	4275
a	36	95	812
a	79	91	1495
a	26	85	2614
a	12	32	936
a	69	17	73
a	59	7	504
a	92	69	558
a	21	48	2526
a	78	3	2858
a	11	70	2365
a	54	56	3151
a	44	6	1781
a	34	44	2608
a	91	37	2424
a	77	74	4494
a	67	76	2155
a	87	17	1485
a	91	82	3242
a	53	18	30
a	57	87	3490
a	43	100	1218
a	90	9	4105
a	19	15	2226
a	5	32	652
a	9	37	885
a	86	53	694
a	52	77	421
a	56	8	3372
a	42	39	2165
a	62	34	1882
a	95	62	1926
a	32	96	1437
a	75	2	179
a	95	79	2150
a	4	14	4899
a	41	7	4967
a	61	92	1578
a	47	25	1345
a	94	28	1713
a	84	18	314
a	50	94	3675
a	70	37	4355
a	74	40	3087
a	40	88	2938
a	60	11	4582
a	22	75	4459
a	97	10	2392
a	26	6	1099
a	83	75	4087
a	46	61	2033
a	73	97	2209
a	22	58	1523
a	79	63	2451
a	55	38	1306
a	45	12	976
a	49	73	3534
a	35	10	2889
a	55	87	2416
a	96	44	837
a	82	19	4606
a	72	5	3986
a	1	31	4055
a	21	84	76
a	11	98	4614
a	68	81	9
a	10	86	4256
a	20	3	1776
a	10	57	906
a	87	53	1117
a	57	2	4798
a	63	60	3345
a	39	7	3368
a	43	64	2941
a	100	55	2158
a	62	79	1587
a	66	18	1140
a	86	81	324
a	42	27	477
a	18	32	4426
a	75	81	2298
a	95	18	4057
a	99	87	3754
a	8	22	4583
a	65	91	71
a	28	73	3899
a	85	8	1628
a	14	12	2764
a	75	46	4251
a	47	76	1341
a	41	99	4771
a	61	96	3177
a	27	48	788
a	47	61	134
a	3	59	2284
a	23	36	3960
a	84	54	3798
a	74	76	3036
a	40	52	802
a	3	72	1417
a	60	47	4826
a	22	87	101
a	79	98	3916
a	46	89	1682
a	79	19	1129
a	55	10	3109
a	59	79	4113
a	92	13	4517
a	21	7	2653
a	68	38	3721
a	77	18	1995
a	57	30	4566
a	39	90	3729
a	63	80	2871
a	29	64	4568
a	90	94	4606
a	53	74	1491
a	39	43	2512
a	56	81	4375
a	76	44	2474
a	52	5	4688
a	28	62	4869
a	18	4	690
a	4	55	3539
a	65	39	2605
a	85	44	3453
a	71	9	3856
a	27	28	1984
a	88	30	1700
a	74	17	2239
a	3	23	4814
a	64	7	3816
a	84	74	2515
a	40	16	1343
a	46	10	3263
a	16	41	4006
a	97	50	775
a	79	70	2087
a	83	3	204
a	12	61	1241
a	69	60	2672
a	73	57	4679
a	92	98	4982
a	82	72	4593
a	78	36	2759
a	11	93	2681
a	72	93	4207
a	58	16	947
a	78	87	2275
a	44	35	4586
a	34	9	1995
a	20	84	1405
a	87	12	4722
a	20	59	4460
a	77	54	2925
a	57	58	1743
a	29	36	4067
a	80	4	1333
a	66	43	2981
a	86	46	1051
a	19	99	3061
a	76	80	744
a	52	25	4699
a	85	95	2788
a	14	85	377
a	75	25	2873
a	4	43	1686
a	98	77	3302
a	61	55	1555
a	27	75	608
a	88	75	2891
a	17	49	4221
a	98	60	2818
a	60	96	4543
a	70	73	3059
a	12	82	2411
a	22	31	301
a	97	94	3250
a	12	33	4638
a	69	16	872
a	59	6	1544
a	45	39	728
a	49	44	2167
a	31	84	3576
a	92	70	1936
a	82	44	818
a	1	50	260
a	21	63	4479
a	44	7	2212
a	34	45	3316
a	91	36	1500
a	81	14	2902
a	10	2	3768
a	67	79	3335
a	91	85	597
a	33	92	646
a	53	17	1103
a	57	86	518
a	29	8	1458
a	90	22	54
a	5	47	4855
a	62	80	878
a	9	36	4192
a	66	15	4992
a	86	74	3477
a	52	78	1952
a	42	36	3703
a	62	35	1280
a	18	61	1880
a	71	64	2943
a	18	76	1005
a	41	6	4804
a	61	91	4269
a	27	87	2360
a	47	24	1848
a	88	39	1313
a	17	29	1011
a	50	95	4057
a	40	89	1727
a	64	79	4534
a	50	46	869
a	22	72	3029
a	46	66	1892
a	69	99	2196
a	79	62	3494
a	83	59	986
a	55	33	442
a	59	34	3557
a	49	72	3670
a	31	72	3861
a	92	42	836
a	55	86	4405
a	72	6	3888
a	58	89	4447
a	78	28	3588
a	44	84	277
a	54	5	4203
a	67	43	440
a	87	52	1952
a	43	50	2390
a	43	67	4833
a	100	48	3872
a	19	42	1083
a	62	76	3489
a	66	19	757
a	15	94	4223
a	56	37	4528
a	42	24	1570
a	32	30	4236
a	89	35	4026
a	18	33	1722
a	38	36	3443
a	99	86	4965
a	65	90	2247
a	28	74	297
a	89	76	4837
a	14	13	4436
a	71	36	1793
a	47	79	1893
a	27	51	538
a	47	60	15
a	88	3	2575
a	23	39	2510
a	64	60	1164
a	50	67	2069
a	13	77	3385
a	40	53	4127
a	3	75	2635
a	22	84	4187
a	46	94	322
a	93	65	2625
a	79	18	549
a	49	27	2505
a	35	88	1042
a	55	5	3079
a	31	44	1170
a	92	14	826
a	21	6	2966
a	68	39	4469
a	72	34	1579
a	44	56	2457
a	48	59	35
a	10	75	376
a	30	14	4632
a	20	32	4938
a	77	17	4135
a	6	23	4340
a	67	7	2678
a	39	85	4266
a	100	69	1607
a	63	83	4992
a	33	4	2323
a	76	45	2871
a	28	63	9
a	32	58	4076
a	4	48	2006
a	8	51	1082
a	65	38	3586
a	85	43	2718
a	94	74	2986
a	41	94	3651
a	98	25	4449
a	27	31	2738
a	23	75	531
a	64	24	4996
a	84	75	1436
a	74	97	2176
a	46	11	1589
a	93	52	2575
a	79	65	3363
a	83	2	2672
a	12	62	4848
a	49	7	2867
a	82	73	2001
a	45	83	2309
a	21	26	2533
a	78	37	2668
a	72	94	2084
a	54	82	1678
a	1	70	3321
a	34	6	2603
a	20	85	139
a	24	16	3053
a	67	82	918
a	87	15	3817
a	91	72	1568
a	9	15	2393
a	66	40	756
a	15	97	4804
a	19	98	660
a	76	81	4187
a	42	65	4363
a	62	4	3521
a	38	29	4670
a	8	64	2406
a	85	94	2133
a	89	27	639
a	95	85	161
a	4	20	4845
a	65	2	233
a	98	74	4437
a	27	74	3723
a	88	76	625
a	51	64	3461
a	17	48	1670
a	37	61	1914
a	94	38	1959
a	98	61	1038
a	13	4	1389
a	74	50	1892
a	60	97	3046
a	50	11	2616
a	70	78	3834
a	26	32	4658
a	12	83	2776
a	93	24	2832
a	22	28	3300
a	26	83	4001
a	83	30	1161
a	59	25	4282
a	45	38	4672
a	55	77	2196
a	25	10	3085
a	1	49	3542
a	21	62	2661
a	54	62	2116
a	58	53	1542
a	91	39	4322
a	77	72	4438
a	81	13	5000
a	67	78	3020
a	33	83	655
a	53	16	3598
a	57	85	2451
a	80	82	3664
a	29	7	4633
a	5	46	1289
a	62	81	490
a	9	43	1359
a	86	75	3577
a	52	79	2352
a	15	69	1783
a	62	32	4867
a	38	57	3292
a	95	56	4972
a	32	98	4885
a	14	54	1833
a	71	67	2999
a	18	77	3953
a	75	4	4435
a	4	8	3899
a	95	73	3057
a	27	86	1467
a	47	27	1083
a	51	92	2224
a	17	28	4729
a	23	2	260
a	84	28	798
a	70	27	1679
a	74	86	1869
a	60	5	746
a	50	47	4620
a	97	8	1596
a	22	73	1407
a	26	4	3357
a	69	98	4538
a	79	57	2533
a	55	32	2640
a	92	43	2717
a	55	81	4674
a	96	46	3963
a	82	17	1883
a	72	7	15
a	78	29	2303
a	44	85	620
a	7	99	3093
a	48	16	4065
a	54	26	202
a	10	84	3945
a	30	19	2659
a	87	70	3919
a	91	3	4854
a	20	13	1388
a	6	40	4825
a	10	39	506
a	67	42	3612
a	87	55	676
a	43	53	3135
a	63	62	1319
a	80	62	2005
a	19	45	2539
a	76	10	4286
a	5	2	3955
a	66	16	515
a	86	87	1360
a	52	35	4020
a	15	89	2242
a	56	38	4547
a	42	25	812
a	89	34	1142
a	75	83	117
a	8	24	1497
a	65	89	1547
a	28	75	3224
a	47	63	4244
a	3	61	3438
a	84	48	1401
a	50	64	3190
a	13	76	2244
a	40	54	3591
a	3	74	1027
a	36	2	4161
a	22	85	544
a	46	95	4272
a	12	27	3270
a	69	70	1926
a	16	94	1101
a	93	64	2451
a	31	47	314
a	92	15	3300
a	68	32	1495
a	44	57	346
a	48	60	3702
a	24	53	1731
a	10	72	3971
a	30	15	3338
a	81	85	3957
a	6	20	4314
a	67	6	2646
a	53	39	2108
a	39	84	39
a	43	17	4167
a	29	94	4041
a	33	27	3834
a	90	92	4694
a	80	26	2985
a	9	18	1781
a	15	12	296
a	19	73	305
a	9	99	1955
a	28	56	3214
a	89	62	2797
a	18	2	2912
a	8	52	4779
a	65	37	2220
a	85	42	4
a	71	11	1663
a	61	17	2932
a	27	97	4312
a	47	98	118
a	17	75	4726
a	37	24	2289
a	41	93	344
a	27	30	2651
a	13	31	1946
a	74	31	1333
a	60	94	2006
a	23	74	3449
a	64	25	753
a	40	18	36
a	97	48	823
a	12	63	3898
a	49	6	1656
a	82	70	3959
a	45	82	723
a	92	19	3291
a	7	26	4077
a	48	73	1569
a	72	95	1567
a	44	29	1256
a	34	7	1011
a	20	86	659
a	87	14	2442
a	91	75	4607
a	53	59	1146
a	57	56	4252
a	29	34	2305
a	90	48	4550
a	9	14	2711
a	66	41	498
a	86	44	1929
a	15	96	2401
a	5	90	3605
a	62	5	1246
a	38	18	1330
a	8	65	3149
a	85	93	1255
a	32	71	2152
a	89	26	71
a	75	27	338
a	41	40	1825
a	27	77	4843
a	47	6	357
a	37	60	4139
a	94	39	3125
a	13	3	3523
a	70	60	1853
a	74	51	4647
a	60	98	613
a	50	8	418
a	40	14	1258
a	26	33	2913
a	46	36	4326
a	12	76	3688
a	16	23	2349
a	36	90	3111
a	93	23	2320
a	79	36	6
a	31	86	4528
a	92	64	4286
a	25	9	35
a	1	48	100
a	21	61	307
a	78	6	4038
a	58	50	1260
a	30	52	3049
a	81	12	1517
a	30	71	4679
a	91	87	2806
a	63	5	4410
a	33	82	380
a	57	84	3708
a	80	83	745
a	43	89	3893
a	100	30	1430
a	90	20	3408
a	86	72	3524
a	52	72	4041
a	56	11	4089
a	42	34	4429
a	62	33	4827
a	18	59	539
a	95	59	3113
a	28	96	1723
a	18	74	82
a	51	46	2679
a	37	79	4441
a	88	41	1576
a	51	95	2341
a	17	19	3061
a	94	3	293
a	23	29	2427
a	74	87	3776
a	40	91	2109
a	64	65	2056
a	83	76	3515
a	46	64	4838
a	69	97	1338
a	22	57	525
a	79	56	2592
a	59	36	1291
a	55	80	2292
a	82	14	468
a	72	8	3543
a	1	28	550
a	78	98	4809
a	54	27	1301
a	10	85	4180
a	87	65	4399
a	91	2	1445
a	24	73	553
a	10	36	745
a	67	45	1870
a	87	54	1074
a	43	52	2251
a	43	69	3825
a	19	44	4843
a	9	70	281
a	66	17	3106
a	15	88	4560
a	56	39	1847
a	42	6	2870
a	32	16	974
a	14	96	3575
a	18	31	2271
a	38	90	2765
a	4	94	1222
a	8	25	1631
a	65	88	4920
a	28	68	3149
a	14	19	1153
a	89	82	3526
a	75	35	1212
a	61	12	440
a	41	96	4896
a	88	5	2447
a	84	49	2568
a	50	65	3988
a	13	75	3011
a	70	4	3571
a	74	75	312
a	40	55	2036
a	60	42	3084
a	93	46	3089
a	97	43	1667
a	46	92	4092
a	12	20	128
a	93	95	3697
a	96	92	2828
a	59	64	597
a	25	80	1517
a	82	99	1082
a	35	43	3345
a	92	8	3661
a	21	4	1690
a	11	50	1378
a	68	33	79
a	72	36	3188
a	30	12	4485
a	34	83	4900
a	20	34	103
a	77	15	3374
a	81	84	342
a	67	9	2191
a	53	38	4602
a	39	87	1711
a	100	71	2607
a	63	93	306
a	90	93	1724
a	80	27	3962
a	9	17	2289
a	56	84	3589
a	76	47	2445
a	32	60	1989
a	8	53	3433
a	71	10	263
a	61	16	3733
a	27	96	1572
a	17	74	2203
a	37	7	181
a	94	72	699
a	98	23	1581
a	27	17	1088
a	74	28	1494
a	3	24	2865
a	84	85	1889
a	70	96	2301
a	46	9	4959
a	16	44	3255
a	36	39	346
a	97	55	4186
a	79	67	3741
a	73	62	1403
a	25	44	917
a	1	43	76
a	78	43	3732
a	48	74	731
a	11	94	713
a	68	5	3910
a	72	64	299
a	1	68	2853
a	58	31	1489
a	20	87	1367
a	24	18	2908
a	29	33	1482
a	80	7	2513
a	66	38	2257
a	86	45	2209
a	15	99	3453
a	66	89	1399
a	38	19	2878
a	99	3	92
a	85	92	2179
a	32	88	304
a	71	89	435
a	41	47	1270
a	27	76	4412
a	88	78	1393
a	51	66	1179
a	37	59	3908
a	98	59	4285
a	13	2	2537
a	70	61	3559
a	70	76	2098
a	40	15	4219
a	26	46	2616
a	46	37	26
a	12	77	334
a	16	8	385
a	93	22	1378
a	22	18	4558
a	26	81	3604
a	69	29	1419
a	59	27	2827
a	45	36	380
a	49	33	3183
a	35	18	2775
a	55	79	1706
a	25	8	3929
a	82	43	4548
a	44	2	2391
a	30	53	1750
a	67	48	4159
a	30	68	1876
a	91	86	3054
a	39	31	1084
a	80	84	3444
a	100	31	4763
a	29	5	810
a	5	44	2483
a	9	41	4241
a	56	12	4352
a	42	35	3272
a	62	38	4020
a	38	63	1995
a	99	63	2453
a	32	100	3252
a	18	75	1412
a	4	10	1987
a	51	49	3544
a	47	37	2165
a	23	28	1622
a	84	30	1595
a	50	90	2067
a	13	38	101
a	70	25	4267
a	40	92	4941
a	3	80	3165
a	50	45	716
a	26	2	3265
a	45	8	3362
a	49	77	3595
a	31	53	4603
a	35	14	1909
a	92	37	2803
a	55	83	86
a	82	15	2161
a	11	9	2890
a	72	9	2765
a	1	19	3858
a	21	80	1983
a	48	18	4553
a	54	24	1238
a	10	82	150
a	30	17	773
a	34	76	993
a	20	15	1108
a	24	74	3457
a	10	37	1804
a	87	49	927
a	57	6	1602
a	43	55	3381
a	39	3	2599
a	43	68	3269
a	100	51	2741
a	15	91	4237
a	56	40	422
a	42	7	4820
a	89	32	2133
a	18	28	198
a	75	85	4931
a	95	30	3707
a	99	91	365
a	65	95	2175
a	61	11	2958
a	51	13	3019
a	37	98	2041
a	47	57	2704
a	88	6	2539
a	84	50	4578
a	13	74	203
a	93	45	2187
a	97	42	3965
a	12	21	299
a	93	94	894
a	79	31	409
a	96	93	382
a	59	67	1882
a	25	87	4324
a	82	96	3727
a	92	9	3722
a	21	3	863
a	7	48	1545
a	11	53	3700
a	68	34	4421
a	7	65	3458
a	30	13	3763
a	34	80	1104
a	91	97	3968
a	6	10	1711
a	81	75	2385
a	67	8	2455
a	39	86	4348
a	100	64	263
a	33	25	4902
a	53	86	4096
a	80	28	1480
a	9	16	4586
a	15	14	4207
a	19	75	3434
a	28	58	2628
a	85	71	486
a	32	61	3540
a	89	60	4652
a	38	71	2264
a	4	51	595
a	8	54	2964
a	85	40	3537
a	61	47	4378
a	27	99	372
a	94	73	2795
a	98	20	3339
a	27	16	3005
a	13	29	2758
a	60	88	2937
a	23	68	1999
a	64	27	3065
a	84	86	1050
a	40	20	988
a	36	32	2803
a	93	49	2742
a	79	66	1037
a	12	57	3986
a	45	63	4639
a	82	68	3938
a	1	42	2456
a	68	6	3646
a	72	65	4022
a	1	91	2488
a	58	28	3118
a	34	5	3595
a	24	19	4924
a	67	87	4689
a	91	77	4720
a	53	57	3742
a	57	62	2262
a	29	32	1191
a	33	37	2280
a	15	98	2892
a	42	76	4492
a	99	2	3432
a	8	67	2579
a	32	89	1945
a	14	89	4316
a	18	100	2380
a	75	29	1334
a	95	86	688
a	98	73	3039
a	61	51	1325
a	27	79	592
a	51	69	4414
a	37	58	4173
a	94	37	2301
a	98	56	3813
a	70	50	235
a	50	6	4597
a	46	42	1776
a	12	78	2786
a	16	9	2789
a	97	82	4563
a	26	94	471
a	83	35	994
a	59	26	3056
a	31	80	3057
a	92	66	2404
a	55	78	407
a	25	15	744
a	82	40	2127
a	1	54	3173
a	21	59	2730
a	78	4	4765
a	30	58	4733
a	91	56	4325
a	77	69	3299
a	10	14	2121
a	30	69	3423
a	33	80	3570
a	53	29	286
a	57	90	14
a	100	24	4462
a	19	18	961
a	66	11	2273
a	86	78	1903
a	15	70	4631
a	42	32	1304
a	62	39	3718
a	18	57	1477
a	38	60	3168
a	14	53	3780
a	18	72	1514
a	75	57	1806
a	61	87	4570
a	27	43	400
a	88	43	142
a	84	31	871
a	74	85	1754
a	3	83	1355
a	22	76	1041
a	26	3	3204
a	73	100	1687
a	22	63	286
a	83	63	4373
a	59	38	2735
a	45	7	3897
a	49	76	1745
a	35	49	2958
a	92	38	321
a	96	33	1512
a	82	12	3497
a	1	18	4498
a	21	95	242
a	78	96	1841
a	48	19	3825
a	68	94	2111
a	91	4	1162
a	6	47	4927
a	10	34	3287
a	43	54	781
a	63	59	2862
a	90	71	3560
a	43	71	2500
a	100	60	4372
a	15	53	3172
a	19	46	3012
a	76	5	260
a	9	68	1596
a	52	46	2113
a	15	90	4167
a	89	39	1145
a	18	29	4322
a	75	84	3296
a	95	25	3601
a	99	90	1774
a	85	19	895
a	89	80	1038
a	71	32	3687
a	75	37	4235
a	94	82	6
a	27	55	2637
a	23	35	1540
a	64	48	37
a	13	73	2727
a	74	73	2281
a	36	13	1613
a	93	44	495
a	46	98	3785
a	12	22	4546
a	16	81	4603
a	35	92	3885
a	59	66	2620
a	25	86	3558
a	82	97	4890
a	68	35	4120
a	54	74	1286
a	44	52	692
a	7	64	956
a	48	63	4981
a	24	56	1443
a	81	57	4957
a	91	96	1590
a	20	44	468
a	77	13	1245
a	6	11	999
a	81	74	4374
a	53	36	3172
a	57	33	1305
a	43	18	736
a	100	65	4072
a	33	24	2976
a	53	85	3060
a	39	38	1459
a	9	23	706
a	86	7	810
a	76	41	1061
a	5	99	2613
a	9	96	2205
a	52	2	4128
a	32	62	1939
a	4	60	4576
a	8	55	4932
a	65	58	4634
a	27	98	4510
a	17	72	3268
a	37	5	3996
a	41	66	655
a	13	28	1948
a	84	87	3086
a	40	21	563
a	16	46	2993
a	73	83	3320
a	36	33	3031
a	93	48	4635
a	73	60	1094
a	25	50	913
a	78	41	3127
a	7	23	2345
a	11	80	688
a	68	7	495
a	1	90	4974
a	78	88	3372
a	44	24	72
a	34	2	4751
a	20	81	2549
a	24	20	4098
a	6	100	2526
a	33	36	2866
a	90	63	3018
a	5	54	4861
a	9	51	2351
a	86	35	4841
a	76	77	4594
a	5	71	851
a	62	8	2016
a	38	17	3471
a	99	5	3700
a	32	90	2530
a	14	94	4543
a	71	91	2300
a	75	28	948
a	38	96	1921
a	4	16	2106
a	95	81	1999
a	27	78	3703
a	47	3	1245
a	88	80	2211
a	37	57	3921
a	84	4	533
a	70	51	1285
a	26	44	61
a	46	43	3465
a	12	79	3723
a	16	10	1298
a	73	79	3019
a	36	69	3704
a	93	20	2712
a	22	16	1756
a	26	95	3217
a	69	27	1343
a	59	29	3772
a	31	83	3002
a	35	20	4491
a	92	67	2675
a	55	73	3976
a	96	6	3680
a	25	14	1986
a	1	53	4290
a	58	78	2321
a	21	58	4632
a	58	49	4149
a	91	59	1120
a	6	64	3097
a	67	50	1367
a	30	74	2492
a	87	47	3700
a	53	28	670
a	90	19	1352
a	19	21	670
a	62	85	1379
a	9	47	4866
a	86	79	4533
a	52	75	2409
a	15	65	2341
a	38	61	1608
a	99	33	2502
a	8	96	3736
a	14	58	418
a	18	73	1170
a	41	9	3723
a	61	86	4913
a	27	42	3718
a	17	16	2902
a	94	6	1204
a	84	24	4965
a	50	88	3160
a	70	31	3459
a	40	94	3093
a	3	82	1645
a	64	68	113
a	22	77	2456
a	46	71	2804
a	22	60	4521
a	79	5	4562
a	83	62	2206
a	59	57	2720
a	49	67	4392
a	21	94	4771
a	44	81	522
a	7	95	2825
a	54	30	2742
a	30	23	2721
a	34	74	3184
a	91	7	985
a	20	9	4734
a	6	44	889
a	67	46	3322
a	57	4	857
a	63	58	4754
a	39	61	1319
a	80	50	986
a	100	61	4763
a	15	52	2514
a	76	6	3449
a	5	14	2176
a	32	19	4137
a	89	38	1279
a	18	26	2182
a	38	89	4936
a	4	89	4998
a	99	93	4717
a	65	93	3628
a	14	22	4912
a	89	87	1610
a	75	36	3706
a	61	9	1210
a	47	74	1788
a	51	15	3403
a	98	14	3580
a	27	54	1703
a	47	59	4821
a	23	34	1426
a	64	49	2436
a	84	60	3367
a	13	72	2117
a	12	23	897
a	49	30	373
a	35	95	4558
a	82	94	3012
a	31	43	3195
a	7	50	3789
a	11	55	4730
a	68	44	3021
a	58	6	755
a	81	56	766
a	77	12	782
a	6	8	4698
a	67	10	1494
a	53	35	4475
a	39	80	1762
a	43	21	3979
a	63	94	2028
a	90	88	1363
a	53	84	4477
a	39	33	2693
a	9	22	4160
a	86	4	4484
a	76	42	4420
a	42	86	651
a	52	3	90
a	28	52	1797
a	85	69	1155
a	14	67	2992
a	38	69	4481
a	8	56	1495
a	85	54	1371
a	71	7	4385
a	94	79	1540
a	41	65	4156
a	98	18	4167
a	27	18	3792
a	13	27	3882
a	74	27	2556
a	23	70	1924
a	64	29	4205
a	50	96	3112
a	73	82	3843
a	93	15	4806
a	97	52	2993
a	12	59	2456
a	73	35	4931
a	55	100	659
a	25	49	3438
a	1	40	1183
a	78	46	48
a	48	77	2714
a	78	89	3329
a	77	95	1652
a	81	36	4145
a	67	89	3919
a	87	10	3570
a	77	48	3801
a	29	62	4207
a	33	59	4084
a	90	60	404
a	9	50	4962
a	66	37	3073
a	86	32	184
a	76	78	793
a	42	74	2621
a	5	70	3541
a	38	22	3137
a	8	69	198
a	28	24	4865
a	32	91	2581
a	89	30	3688
a	71	90	402
a	18	98	3587
a	95	80	4293
a	4	17	750
a	65	5	1582
a	37	87	1292
a	98	71	601
a	27	65	1003
a	51	71	1199
a	17	43	2802
a	94	43	2835
a	84	5	3789
a	70	48	313
a	40	99	1467
a	50	4	2520
a	70	67	4394
a	16	11	4448
a	36	70	2604
a	97	80	2505
a	22	17	1264
a	26	92	1701
a	69	26	1169
a	59	28	3974
a	45	33	1696
a	55	72	4080
a	25	13	529
a	82	38	1784
a	72	16	2811
a	1	52	3306
a	21	57	173
a	68	100	4378
a	54	51	3009
a	30	56	855
a	34	39	113
a	6	65	1809
a	67	53	4636
a	30	75	2164
a	33	86	1719
a	57	88	2821
a	80	87	2070
a	43	93	1122
a	90	16	947
a	19	20	1228
a	86	76	2510
a	32	8	1085
a	95	39	431
a	8	97	2924
a	99	32	1689
a	71	62	1195
a	18	70	4219
a	51	50	3347
a	41	8	609
a	61	85	4245
a	27	45	2908
a	88	45	2725
a	50	89	701
a	13	35	12
a	70	28	217
a	64	69	416
a	22	66	4179
a	79	4	4381
a	59	56	952
a	45	5	4010
a	35	51	1021
a	72	12	1729
a	58	99	2377
a	21	93	1347
a	44	82	4859
a	7	94	1517
a	48	21	2446
a	68	88	3390
a	30	20	3938
a	87	93	1879
a	34	75	1714
a	91	6	3867
a	67	17	3079
a	57	11	1906
a	43	40	384
a	63	37	3113
a	90	69	1426
a	39	60	4568
a	80	51	2022
a	19	48	446
a	76	7	2546
a	9	74	1124
a	52	40	594
a	89	37	288
a	18	27	4759
a	38	94	233
a	4	90	1717
a	8	29	2698
a	65	92	3523
a	28	64	2830
a	14	23	3285
a	71	34	902
a	75	39	2173
a	51	14	1512
a	17	98	2997
a	94	80	3190
a	98	15	3939
a	27	9	359
a	47	58	3741
a	84	61	157
a	13	71	2037
a	40	59	2766
a	93	42	2995
a	97	47	3267
a	46	96	1910
a	12	16	1442
a	16	83	1960
a	73	6	3323
a	93	91	2596
a	79	24	2154
a	49	29	1895
a	35	94	4776
a	96	80	4589
a	59	68	860
a	31	42	4658
a	11	54	2849
a	72	40	3464
a	54	72	2144
a	58	7	4220
a	78	66	4115
a	44	54	2023
a	48	49	899
a	81	63	2435
a	87	97	4501
a	91	98	3985
a	81	72	4689
a	6	9	2167
a	53	34	3258
a	57	39	1344
a	39	83	369
a	100	67	788
a	33	30	2791
a	90	89	247
a	53	83	3003
a	39	32	3788
a	80	31	3841
a	9	21	4796
a	86	5	3228
a	15	11	3831
a	56	88	4867
a	19	76	84
a	76	43	2033
a	52	12	421
a	32	48	3439
a	14	64	4361
a	8	57	3356
a	85	53	2372
a	71	6	1310
a	27	100	3329
a	17	78	1047
a	98	19	4904
a	27	21	3418
a	3	28	2384
a	60	91	3318
a	23	65	3422
a	64	30	1992
a	50	97	4666
a	40	23	4550
a	46	13	3323
a	16	32	4272
a	93	14	3920
a	97	75	1986
a	83	8	4117
a	69	37	2318
a	73	34	3953
a	49	57	897
a	25	48	869
a	31	14	1334
a	1	47	4276
a	78	47	2141
a	7	17	2840
a	11	82	723
a	72	68	4466
a	54	84	2268
a	1	88	514
a	58	27	3557
a	44	26	825
a	81	27	1270
a	6	90	4199
a	87	5	2468
a	33	73	3969
a	53	6	1246
a	57	67	1925
a	29	61	1441
a	90	61	2663
a	5	52	1523
a	66	34	2948
a	42	75	101
a	62	14	3574
a	8	70	2717
a	99	7	4461
a	32	92	4167
a	18	99	4294
a	75	30	4922
a	95	83	3692
a	65	4	1292
a	37	86	1395
a	41	19	2000
a	61	48	4062
a	47	13	53
a	88	82	819
a	17	42	1425
a	37	39	3672
a	94	40	127
a	74	60	2890
a	70	64	2525
a	26	42	1621
a	12	73	4220
a	16	12	2352
a	73	77	815
a	36	71	1166
a	97	87	692
a	79	35	656
a	26	93	2126
a	83	36	1098
a	69	25	398
a	45	32	1564
a	49	37	3787
a	72	17	2620
a	1	11	2147
a	58	76	1145
a	72	96	2936
a	58	63	632
a	30	57	2106
a	77	66	4003
a	81	7	2133
a	67	52	1293
a	30	72	4355
a	53	26	2148
a	57	95	4885
a	39	27	2453
a	43	92	1983
a	90	17	3275
a	62	91	2013
a	9	45	4572
a	66	6	2172
a	86	77	2927
a	52	85	4100
a	15	67	2492
a	56	16	4169
a	42	47	3203
a	18	52	2003
a	38	51	3693
a	95	38	1302
a	8	98	3281
a	14	56	3809
a	71	57	4757
a	75	58	1971
a	37	74	176
a	41	15	2018
a	61	84	1785
a	27	44	2806
a	88	46	2937
a	17	22	3893
a	84	26	3185
a	50	86	3039
a	70	29	2751
a	74	80	2898
a	50	41	3391
a	36	20	4456
a	46	69	115
a	22	50	872
a	55	62	3084
a	35	50	2235
a	92	33	4428
a	72	13	460
a	1	23	1382
a	58	96	3122
a	44	83	1657
a	7	89	1726
a	48	22	3010
a	54	28	4861
a	10	94	678
a	87	92	3345
a	20	11	2216
a	24	78	2968
a	81	99	3258
a	90	66	4746
a	100	63	4105
a	52	41	478
a	89	36	2057
a	18	24	4926
a	38	95	83
a	99	95	1413
a	28	65	3745
a	71	29	3527
a	47	84	1437
a	51	17	988
a	17	97	2525
a	94	81	1311
a	98	12	280
a	27	8	218
a	64	51	3131
a	84	62	4525
a	60	39	3603
a	36	8	4208
a	93	41	1764
a	46	97	38
a	69	64	3936
a	73	5	4467
a	93	90	2920
a	79	27	2689
a	49	28	1370
a	35	65	2485
a	55	2	1435
a	59	71	4223
a	25	91	4443
a	82	92	755
a	31	21	4549
a	35	46	2306
a	7	44	1087
a	58	4	3100
a	24	59	487
a	77	10	161
a	6	14	1979
a	67	12	668
a	57	38	1671
a	39	82	3976
a	43	23	1720
a	100	76	2136
a	63	88	960
a	53	82	2218
a	80	16	423
a	9	20	4110
a	86	26	4041
a	15	10	1916
a	56	89	933
a	42	84	3026
a	5	96	4071
a	62	19	2645
a	66	78	3952
a	85	67	667
a	32	49	1055
a	8	58	900
a	65	63	103
a	41	54	4148
a	61	43	876
a	17	77	3845
a	37	2	1380
a	94	77	34
a	98	16	3515
a	13	25	2143
a	74	25	4358
a	3	31	4995
a	64	31	4684
a	84	82	1761
a	50	30	300
a	36	44	4773
a	93	13	4885
a	22	11	265
a	79	78	3570
a	26	70	4345
a	12	53	11
a	69	36	3828
a	45	59	3421
a	49	56	1687
a	59	99	2169
a	82	64	3673
a	45	76	3237
a	21	35	4231
a	48	79	2499
a	11	85	3330
a	68	2	2597
a	72	69	3588
a	1	95	4241
a	78	95	4197
a	44	27	1386
a	77	93	4652
a	24	23	2168
a	81	26	3236
a	6	91	2670
a	67	91	4242
a	91	65	1329
a	77	46	1309
a	33	72	2563
a	29	60	3193
a	9	48	3206
a	66	35	4753
a	86	38	2981
a	76	72	2284
a	8	71	2219
a	28	26	4803
a	32	93	1308
a	71	84	200
a	18	96	582
a	75	17	2354
a	4	19	3242
a	95	82	2667
a	65	27	4964
a	37	85	3599
a	41	18	3830
a	98	69	4094
a	61	79	1650
a	27	67	4345
a	47	12	1664
a	88	83	3822
a	51	73	1745
a	84	7	4905
a	13	61	3570
a	23	100	3246
a	50	2	480
a	26	43	1630
a	12	74	781
a	16	13	2511
a	73	76	3786
a	79	34	4519
a	26	90	1072
a	83	39	4100
a	59	30	394
a	25	98	2415
a	35	25	2789
a	96	25	1264
a	25	19	4187
a	82	36	1813
a	72	18	4173
a	1	10	311
a	58	77	2233
a	78	8	1860
a	72	97	3879
a	54	49	3443
a	58	60	4706
a	34	37	3095
a	91	60	2519
a	6	71	631
a	30	73	3305
a	63	3	1412
a	39	26	3572
a	80	73	4219
a	100	4	2337
a	90	30	1558
a	76	29	3600
a	5	23	1209
a	62	88	1625
a	9	44	2232
a	52	86	11
a	15	66	97
a	32	10	3129
a	18	53	1364
a	38	48	3427
a	4	96	584
a	8	99	2468
a	18	68	4044
a	75	61	2204
a	37	73	722
a	88	47	2410
a	17	21	1213
a	64	40	1023
a	74	81	2654
a	3	87	1369
a	60	28	2233
a	50	38	1663
a	26	15	4202
a	83	82	406
a	79	6	118
a	55	57	2028
a	59	58	2459
a	45	3	4246
a	49	64	2284
a	35	53	4808
a	96	37	1128
a	58	97	2946
a	78	100	2666
a	44	76	2721
a	10	95	2690
a	30	26	959
a	24	79	1157
a	63	39	274
a	52	42	108
a	32	22	4744
a	89	43	3674
a	38	92	4326
a	95	5	1267
a	4	68	3813
a	99	94	2855
a	28	66	4387
a	61	6	3972
a	47	87	127
a	17	96	437
a	98	13	1856
a	27	11	4739
a	88	11	1094
a	23	63	3873
a	64	52	2953
a	40	61	2092
a	12	18	4733
a	69	79	3668
a	73	4	2405
a	93	89	2851
a	49	19	3784
a	55	29	3035
a	82	93	105
a	31	20	4252
a	92	6	2864
a	58	5	661
a	78	64	3004
a	44	48	2500
a	48	51	698
a	24	60	2056
a	91	100	3074
a	6	15	445
a	81	78	1716
a	43	22	1428
a	100	77	3062
a	33	28	894
a	39	34	3709
a	9	27	3447
a	19	78	1011
a	76	37	861
a	9	100	210
a	66	79	2936
a	52	14	1988
a	85	66	1534
a	89	7	2858
a	8	59	3080
a	65	62	2518
a	85	51	1139
a	61	42	4557
a	94	50	3892
a	41	70	2088
a	98	17	3485
a	23	67	169
a	64	16	1036
a	84	83	4873
a	46	19	2797
a	16	34	2019
a	73	87	3774
a	22	8	1720
a	79	73	3036
a	12	54	1223
a	45	58	309
a	49	63	868
a	55	97	4665
a	59	98	3682
a	25	54	3375
a	21	34	3021
a	78	45	2423
a	68	3	474
a	72	70	4821
a	78	92	3612
a	34	30	4401
a	81	25	1025
a	6	88	4290
a	10	23	3537
a	67	90	984
a	77	45	3271
a	53	4	4046
a	57	65	2167
a	33	56	4069
a	5	50	6
a	76	73	589
a	5	67	4280
a	66	83	4815
a	99	9	2074
a	89	99	2400
a	71	87	1499
a	18	97	579
a	75	16	2983
a	38	100	4748
a	95	93	1353
a	4	28	999
a	65	26	3770
a	37	84	4319
a	41	17	1393
a	98	66	2252
a	61	78	2125
a	47	15	3456
a	17	40	1150
a	98	53	3496
a	70	55	4078
a	74	58	1543
a	50	3	3846
a	26	40	4117
a	46	47	1909
a	16	14	658
a	93	16	1248
a	22	20	13
a	83	38	3902
a	69	7	4670
a	92	95	2145
a	55	69	4330
a	58	74	3901
a	21	70	1235
a	78	9	1258
a	58	61	3147
a	30	63	3941
a	91	63	1461
a	6	68	523
a	81	5	4733
a	67	54	284
a	30	78	992
a	63	2	2524
a	53	24	4516
a	39	21	2140
a	80	74	3895
a	43	94	1374
a	29	31	4972
a	19	25	2443
a	5	22	2013
a	86	67	3287
a	56	18	3686
a	32	11	2927
a	18	50	377
a	8	100	4446
a	99	37	367
a	75	60	3408
a	37	72	2514
a	27	46	343
a	88	48	3216
a	17	20	3047
a	94	10	2546
a	23	26	915
a	13	32	4775
a	70	19	627
a	74	94	4232
a	3	86	256
a	60	29	4263
a	50	39	2550
a	36	22	4087
a	22	65	4526
a	26	12	1335
a	83	85	1691
a	22	48	4986
a	55	56	2769
a	59	61	1871
a	35	52	4497
a	92	35	27
a	96	38	2633
a	82	9	4046
a	11	15	1662
a	54	99	4014
a	1	21	4204
a	44	77	1630
a	7	91	1846
a	48	8	1947
a	68	91	4196
a	30	27	1777
a	87	94	912
a	34	70	2297
a	91	27	2155
a	20	21	1419
a	77	100	4506
a	81	97	356
a	6	32	214
a	10	47	1383
a	67	18	2420
a	57	8	4757
a	43	45	1494
a	63	38	3375
a	80	54	2653
a	100	57	4259
a	15	48	1253
a	76	2	2445
a	56	46	503
a	28	44	1416
a	32	23	1043
a	18	22	586
a	38	93	3473
a	95	4	989
a	4	69	944
a	99	65	4978
a	65	81	3941
a	28	67	1972
a	89	91	4839
a	14	26	803
a	27	10	681
a	64	53	3665
a	84	56	1788
a	40	62	2845
a	60	33	1911
a	36	10	2768
a	26	96	1127
a	69	78	121
a	93	88	4774
a	49	18	3239
a	35	67	4998
a	59	89	3984
a	25	89	1958
a	82	90	3478
a	49	99	2432
a	31	23	3462
a	92	7	3084
a	21	13	4625
a	68	40	1093
a	72	43	743
a	54	79	1585
a	58	2	2291
a	78	65	1428
a	48	52	2950
a	24	61	2233
a	67	97	2708
a	6	12	4903
a	81	77	3232
a	67	14	4853
a	53	47	686
a	57	36	2728
a	39	76	3229
a	43	9	4114
a	63	90	4553
a	29	86	2065
a	33	19	2696
a	90	36	1105
a	53	80	3940
a	9	26	1525
a	86	24	1321
a	15	20	1433
a	19	81	423
a	42	82	3001
a	66	76	2705
a	52	15	243
a	28	48	1067
a	85	65	4554
a	32	51	3884
a	14	71	3480
a	89	6	3562
a	4	57	3939
a	41	52	2892
a	61	41	3536
a	94	51	4616
a	98	46	4449
a	74	7	2423
a	23	66	1695
a	64	17	4864
a	70	91	3070
a	40	26	1988
a	46	16	4021
a	16	35	4791
a	22	9	2627
a	26	68	4496
a	12	55	3491
a	69	34	3189
a	49	62	1694
a	55	96	4939
a	25	53	3558
a	82	62	3054
a	31	11	2532
a	7	18	1066
a	68	12	2670
a	54	43	170
a	58	38	866
a	44	21	2923
a	24	25	786
a	6	89	1516
a	10	20	3892
a	67	93	4638
a	30	83	3666
a	77	44	4478
a	29	58	2409
a	33	63	67
a	5	49	3724
a	9	54	4494
a	66	33	3177
a	42	54	1398
a	5	66	1091
a	62	13	3758
a	66	80	2005
a	14	35	2028
a	95	92	3784
a	65	25	2812
a	37	83	3269
a	41	16	3244
a	98	67	1959
a	88	85	1463
a	51	75	4682
a	98	50	1589
a	74	59	2517
a	16	15	1185
a	36	66	3802
a	79	44	1492
a	59	16	2730
a	45	29	3608
a	31	94	405
a	92	88	1545
a	96	27	4707
a	82	34	1114
a	1	8	1947
a	72	99	1051
a	54	55	2696
a	30	60	3158
a	34	35	1120
a	91	62	3870
a	6	69	4156
a	81	4	2556
a	57	92	2133
a	39	20	54
a	80	75	12
a	43	81	3055
a	90	28	3931
a	19	24	1538
a	76	31	3377
a	15	76	2398
a	56	19	834
a	32	12	920
a	18	51	4171
a	4	98	1953
a	95	35	620
a	99	36	4146
a	14	63	1338
a	71	58	3882
a	51	54	2997
a	61	81	670
a	88	49	999
a	17	11	904
a	23	21	4981
a	64	42	1743
a	50	85	641
a	70	16	4403
a	40	67	1127
a	3	89	2286
a	64	89	587
a	50	36	2662
a	22	70	48
a	46	72	4995
a	96	72	3276
a	59	60	2433
a	31	50	758
a	82	6	4375
a	11	14	2746
a	72	48	126
a	48	9	1195
a	34	71	642
a	91	26	4012
a	24	81	4345
a	6	33	3854
a	81	96	1379
a	10	44	3501
a	67	21	351
a	57	15	3842
a	43	44	3859
a	100	58	2967
a	15	51	3976
a	56	64	3968
a	76	3	3712
a	5	9	3867
a	56	47	2581
a	42	14	4719
a	32	40	1898
a	89	41	245
a	38	82	2147
a	65	80	4958
a	85	29	3599
a	89	90	506
a	61	4	3733
a	47	81	3589
a	51	18	4161
a	94	84	1024
a	27	13	3792
a	88	13	3800
a	64	54	3195
a	40	63	2687
a	60	34	384
a	16	56	1340
a	36	11	4871
a	97	35	223
a	22	98	1054
a	46	100	477
a	69	77	2116
a	16	87	4682
a	73	10	1692
a	93	87	3743
a	35	66	984
a	96	84	716
a	21	12	4432
a	7	41	3468
a	68	41	3072
a	72	44	866
a	54	76	1792
a	58	3	1298
a	78	70	2060
a	44	50	438
a	48	53	1054
a	24	62	1197
a	81	51	2896
a	67	96	3346
a	6	13	2320
a	39	79	2997
a	100	79	3265
a	29	85	2547
a	90	37	3575
a	53	95	3284
a	15	23	2771
a	56	92	4202
a	19	80	3448
a	76	39	651
a	42	83	2543
a	62	22	4626
a	66	77	2776
a	52	8	2078
a	28	49	462
a	85	64	4805
a	32	52	1151
a	4	58	1582
a	85	49	1264
a	71	2	2845
a	41	59	2478
a	17	66	1891
a	41	68	1360
a	13	22	1594
a	23	93	2923
a	64	18	2912
a	84	93	4095
a	40	27	1544
a	16	36	1931
a	73	85	3679
a	36	47	1038
a	93	10	3831
a	79	75	761
a	26	69	1090
a	69	33	151
a	73	38	3008
a	82	63	3818
a	45	73	4773
a	31	10	4169
a	1	35	4580
a	78	51	1510
a	48	66	3190
a	68	13	4879
a	54	40	4551
a	58	39	4561
a	44	22	3056
a	34	28	1145
a	77	90	4692
a	24	26	4616
a	81	31	1395
a	6	94	1416
a	77	43	4667
a	57	71	1488
a	80	96	296
a	100	99	204
a	29	57	4964
a	33	62	3033
a	90	57	1504
a	5	48	2250
a	66	62	2847
a	86	37	4189
a	76	75	4353
a	8	74	1726
a	32	80	4376
a	14	32	1271
a	89	97	4617
a	71	81	486
a	65	24	4940
a	27	68	3352
a	51	74	3066
a	37	35	1259
a	94	44	336
a	70	53	2453
a	74	56	3622
a	23	97	1563
a	36	67	1208
a	22	42	3012
a	83	40	4758
a	59	19	4755
a	45	28	4996
a	31	89	3203
a	55	71	3674
a	25	16	3533
a	82	35	4524
a	21	68	4251
a	78	15	3692
a	68	97	344
a	54	52	538
a	30	61	1570
a	34	32	573
a	6	58	4314
a	10	9	2579
a	87	37	2785
a	63	12	224
a	80	76	1521
a	100	7	4926
a	90	29	1537
a	5	20	1324
a	9	81	2974
a	86	65	766
a	52	81	3564
a	15	79	3533
a	56	20	3846
a	4	99	1819
a	99	39	378
a	65	75	4712
a	14	60	3850
a	18	67	4321
a	75	62	3527
a	51	57	592
a	61	80	1531
a	47	45	4778
a	17	10	2490
a	94	8	1321
a	23	20	2580
a	64	43	3815
a	84	38	4450
a	50	82	3934
a	13	94	1383
a	40	68	1552
a	3	88	3520
a	36	16	2153
a	83	87	1609
a	46	73	793
a	22	54	890
a	59	63	946
a	49	69	981
a	31	61	3569
a	35	54	4673
a	92	61	4398
a	54	97	1858
a	21	88	3107
a	44	79	2587
a	24	35	2684
a	10	90	3188
a	87	88	4318
a	91	29	4295
a	77	98	3668
a	24	82	459
a	10	45	4147
a	67	20	1282
a	43	47	2162
a	63	32	2949
a	80	40	707
a	19	55	1290
a	76	60	2986
a	9	77	2187
a	52	53	4213
a	42	15	4340
a	32	41	2396
a	75	77	3687
a	38	83	4869
a	95	6	2418
a	99	67	3954
a	8	2	3097
a	85	28	3714
a	14	24	2780
a	71	25	1285
a	51	21	3717
a	98	8	4433
a	88	14	4343
a	60	76	4574
a	23	56	1246
a	64	55	2791
a	84	58	3626
a	13	66	1497
a	40	32	193
a	60	35	2539
a	16	57	530
a	36	52	1451
a	97	34	2869
a	22	99	2444
a	12	13	1681
a	73	9	3725
a	49	16	2442
a	55	30	4824
a	96	85	2559
a	49	97	132
a	21	11	4440
a	54	77	4604
a	24	63	4384
a	67	99	3207
a	43	11	127
a	100	72	3183
a	63	68	1496
a	29	84	2939
a	33	17	3207
a	53	94	196
a	80	20	1391
a	9	24	690
a	86	30	17
a	52	9	1348
a	85	79	3828
a	14	69	4488
a	89	4	2748
a	4	59	2340
a	8	62	4156
a	65	51	3138
a	85	48	3213
a	41	58	3462
a	60	80	3838
a	84	94	699
a	70	89	3318
a	46	22	4620
a	26	66	3387
a	83	15	3080
a	12	49	4425
a	69	32	3234
a	49	60	510
a	31	100	513
a	35	97	1113
a	55	98	174
a	25	59	4976
a	1	34	4639
a	21	47	2867
a	78	48	1564
a	11	73	1094
a	72	73	3690
a	1	83	1790
a	58	36	3914
a	44	23	3368
a	34	29	3562
a	20	88	3541
a	77	89	1104
a	81	30	2937
a	67	95	4415
a	91	69	3007
a	57	70	2173
a	80	97	4594
a	29	56	4244
a	33	61	1835
a	66	63	1455
a	42	52	2536
a	5	64	1117
a	62	51	4903
a	8	75	1664
a	28	22	577
a	71	80	4709
a	75	21	1738
a	4	31	1810
a	95	94	3703
a	37	81	2123
a	98	65	1289
a	61	75	1106
a	27	71	502
a	47	8	927
a	17	45	4126
a	37	34	1409
a	94	45	4793
a	84	3	100
a	70	42	426
a	74	57	4008
a	50	62	2610
a	46	50	307
a	12	70	3528
a	22	43	4385
a	79	46	1725
a	83	43	4248
a	45	27	2362
a	35	29	803
a	92	90	494
a	55	70	1856
a	96	29	4625
a	82	32	1531
a	72	22	4075
a	1	14	874
a	21	67	2615
a	44	100	1731
a	68	98	3861
a	54	53	2090
a	58	56	1173
a	30	34	2302
a	34	33	22
a	6	59	1376
a	10	54	741
a	30	77	2900
a	87	36	245
a	39	22	3115
a	29	28	245
a	90	26	1932
a	76	25	1524
a	9	80	4216
a	66	3	553
a	15	78	2972
a	56	21	309
a	42	40	1022
a	18	49	2655
a	95	45	2315
a	71	52	2908
a	18	64	3126
a	75	49	4286
a	27	35	1857
a	47	44	1224
a	17	9	4026
a	64	44	423
a	50	83	3559
a	13	93	2272
a	70	22	3020
a	3	91	3920
a	36	17	2837
a	26	11	657
a	83	86	3717
a	69	87	4624
a	79	2	1458
a	55	53	2535
a	96	74	1978
a	59	62	420
a	35	57	1641
a	92	62	2083
a	96	57	4539
a	68	55	139
a	68	70	114
a	54	17	3413
a	34	69	4154
a	91	28	862
a	24	83	603
a	6	39	4039
a	67	23	3377
a	57	13	1083
a	80	41	1555
a	100	36	3003
a	15	61	4449
a	56	66	4288
a	76	61	3589
a	86	98	3167
a	52	54	164
a	56	49	3224
a	42	12	3655
a	28	47	2250
a	89	47	1222
a	18	21	2686
a	75	76	1221
a	38	80	901
a	8	3	4032
a	99	66	2235
a	14	25	3206
a	71	24	2665
a	47	83	876
a	17	100	520
a	98	9	3422
a	88	15	3131
a	60	77	3613
a	23	59	670
a	64	8	1301
a	84	59	3047
a	13	65	3972
a	16	58	3637
a	97	33	4900
a	22	96	2472
a	12	14	4611
a	93	85	4776
a	55	25	3830
a	59	90	3595
a	25	94	1397
a	82	89	4385
a	45	99	2656
a	49	96	3859
a	92	2	4677
a	54	66	1530
a	48	55	4149
a	81	49	111
a	20	52	4393
a	57	41	3356
a	39	73	2953
a	43	10	1458
a	100	73	2689
a	29	83	54
a	33	16	2312
a	90	35	1392
a	53	93	4721
a	80	21	3894
a	9	31	4622
a	86	31	2211
a	15	17	514
a	76	33	623
a	66	75	1814
a	52	10	1375
a	85	78	1445
a	65	50	4630
a	94	54	2593
a	41	74	4083
a	46	23	3673
a	16	38	4104
a	73	91	4531
a	93	8	3878
a	97	77	2420
a	22	12	976
a	26	67	3349
a	83	14	423
a	69	47	2099
a	59	9	1555
a	78	49	165
a	7	15	2821
a	11	72	4882
a	68	15	4007
a	72	74	2818
a	1	82	1251
a	44	16	2160
a	34	26	4628
a	20	89	2402
a	77	88	604
a	24	28	2878
a	81	29	1603
a	77	41	4883
a	5	62	672
a	66	60	1132
a	86	59	34
a	76	69	4696
a	42	53	270
a	5	79	4786
a	38	9	1695
a	99	13	3398
a	8	76	3514
a	85	98	2640
a	32	82	2713
a	18	93	2226
a	75	20	3520
a	65	30	3973
a	41	21	4547
a	98	94	2033
a	47	11	586
a	51	76	1703
a	94	18	814
a	98	49	3183
a	84	12	2582
a	13	56	4028
a	70	43	4369
a	23	99	33
a	26	52	4195
a	46	51	2057
a	12	71	41
a	16	2	2637
a	36	77	3096
a	22	40	3594
a	49	95	2064
a	31	91	1301
a	82	33	163
a	21	66	4049
a	78	13	4472
a	48	96	461
a	30	35	565
a	34	62	2240
a	53	100	2229
a	39	17	4060
a	80	78	4594
a	43	82	568
a	29	27	4182
a	19	29	2063
a	76	26	3754
a	62	93	2310
a	86	71	3386
a	52	83	4304
a	56	22	822
a	62	44	676
a	32	15	4491
a	18	46	1105
a	95	44	1726
a	99	41	4038
a	65	73	3323
a	14	2	1916
a	75	48	1310
a	51	59	3395
a	27	34	418
a	17	8	524
a	64	45	3972
a	74	90	4808
a	3	90	3944
a	50	35	1343
a	36	18	1716
a	22	69	4945
a	97	4	2879
a	26	8	3778
a	83	89	3688
a	69	86	237
a	79	13	952
a	59	49	491
a	31	63	252
a	35	56	2811
a	92	63	3728
a	82	5	110
a	11	3	1772
a	72	51	4206
a	44	73	2486
a	48	12	3290
a	68	71	4031
a	24	37	509
a	91	31	4041
a	24	84	4252
a	6	36	1499
a	10	43	701
a	57	12	1429
a	43	33	824
a	100	86	368
a	29	78	4370
a	33	11	485
a	90	76	1129
a	80	42	4883
a	19	57	2891
a	86	99	4464
a	89	46	4467
a	75	79	2684
a	38	81	461
a	4	65	3943
a	99	69	765
a	28	95	1492
a	14	30	595
a	89	95	3925
a	47	82	4562
a	88	97	4020
a	51	23	3776
a	88	16	4794
a	60	78	2693
a	23	58	4345
a	13	64	3414
a	60	61	3327
a	16	59	4164
a	93	35	912
a	22	97	4580
a	12	15	1529
a	93	84	412
a	49	22	3196
a	35	71	1198
a	55	24	1647
a	25	93	1330
a	45	98	3026
a	92	3	159
a	68	20	16
a	72	47	4460
a	58	14	4963
a	78	69	1798
a	81	48	680
a	77	4	3927
a	57	40	2804
a	100	74	765
a	63	70	2941
a	33	23	1808
a	9	30	3972
a	86	28	4849
a	52	100	3046
a	15	16	2780
a	56	95	1415
a	19	85	2668
a	42	94	3952
a	66	72	449
a	52	11	3178
a	99	16	1903
a	85	77	4278
a	32	55	4983
a	14	75	173
a	4	37	985
a	99	97	3645
a	85	62	2643
a	41	56	4097
a	61	37	2229
a	37	12	2211
a	41	73	2106
a	13	19	2013
a	74	3	1499
a	3	5	2417
a	60	82	3512
a	64	21	3191
a	70	95	4084
a	40	30	4850
a	46	20	1787
a	16	39	2763
a	36	42	3436
a	93	7	3030
a	22	13	2690
a	97	76	270
a	79	84	4615
a	26	64	15
a	83	17	593
a	12	51	1012
a	69	46	4556
a	59	8	1319
a	35	99	4306
a	45	70	680
a	1	32	1982
a	7	14	3628
a	68	8	2201
a	72	75	2157
a	54	47	1288
a	1	81	2161
a	58	34	511
a	34	27	3091
a	77	87	2423
a	24	29	2101
a	81	28	1757
a	10	16	2088
a	30	87	2827
a	77	40	2629
a	53	15	2042
a	80	99	2027
a	29	54	2368
a	33	51	1310
a	90	4	1531
a	5	61	2694
a	9	58	4017
a	5	78	3540
a	38	14	453
a	99	12	4195
a	8	77	810
a	28	16	592
a	85	97	4739
a	32	83	4963
a	14	39	123
a	18	90	281
a	75	23	4374
a	95	88	3418
a	65	29	2111
a	41	20	1198
a	98	95	3437
a	61	73	435
a	27	89	4251
a	47	10	4834
a	51	79	4548
a	37	32	4780
a	94	19	2517
a	84	13	1394
a	13	55	3541
a	74	39	2096
a	50	60	3314
a	26	53	3910
a	46	48	712
a	83	45	4202
a	69	2	2136
a	59	20	3406
a	25	100	1392
a	45	25	3818
a	31	90	2364
a	35	31	52
a	55	64	4806
a	96	31	4932
a	25	21	1908
a	72	24	3750
a	21	65	1775
a	78	18	2621
a	54	11	1467
a	30	32	3863
a	67	61	1590
a	53	99	445
a	80	79	4216
a	43	85	2527
a	76	27	346
a	62	66	3684
a	9	86	3447
a	86	68	3659
a	15	72	800
a	18	47	211
a	38	42	2416
a	95	47	3661
a	85	5	4731
a	51	58	2995
a	27	37	914
a	17	15	2882
a	23	17	2069
a	50	81	3910
a	13	91	644
a	70	20	4391
a	74	91	2299
a	40	71	3633
a	60	26	4640
a	64	93	4983
a	36	19	3628
a	22	90	3495
a	26	9	4905
a	83	88	3012
a	46	76	2785
a	36	98	3175
a	93	79	958
a	22	53	1053
a	96	76	916
a	25	64	2942
a	31	62	1965
a	82	2	1119
a	11	2	1058
a	54	100	3961
a	7	86	2489
a	48	13	2354
a	68	64	3652
a	24	38	2988
a	34	67	2475
a	20	18	3212
a	24	85	1198
a	67	25	1203
a	57	19	763
a	100	87	176
a	29	77	1084
a	33	10	1799
a	39	52	4274
a	80	43	2593
a	15	63	2623
a	56	68	3745
a	86	96	1385
a	52	48	1496
a	56	51	1258
a	42	10	939
a	32	44	2680
a	89	45	2039
a	75	78	2207
a	85	25	3699
a	14	31	896
a	89	94	613
a	88	98	2401
a	17	90	1092
a	98	7	286
a	88	17	1735
a	64	10	1340
a	84	69	741
a	36	55	2372
a	93	34	3696
a	97	39	2344
a	12	8	3398
a	69	73	3675
a	73	14	4782
a	55	27	4083
a	59	92	1161
a	25	92	2880
a	82	87	522
a	45	97	1000
a	92	28	4445
a	11	46	1976
a	78	74	4166
a	44	46	3923
a	48	41	65
a	20	71	2627
a	24	2	3419
a	67	100	1203
a	81	64	350
a	100	75	174
a	63	65	1957
a	90	33	633
a	53	91	1555
a	80	23	1288
a	86	29	837
a	56	96	675
a	19	84	1988
a	52	20	4637
a	8	82	638
a	28	13	4235
a	85	76	4598
a	89	9	3872
a	14	72	3633
a	4	38	2947
a	8	33	4616
a	65	48	3820
a	85	61	4
a	41	63	484
a	61	36	4178
a	37	11	1781
a	94	52	4336
a	41	72	274
a	98	43	1809
a	64	22	1997
a	50	25	1772
a	13	99	1070
a	70	92	43
a	40	31	4409
a	46	21	1766
a	12	93	3618
a	22	2	3691
a	79	87	670
a	26	65	2851
a	83	16	3223
a	12	44	3233
a	73	42	797
a	59	11	2414
a	45	52	1083
a	35	98	3286
a	25	56	2551
a	82	59	703
a	45	69	177
a	21	44	1104
a	7	9	345
a	11	74	4694
a	68	9	2947
a	72	76	1941
a	54	44	4980
a	58	35	2856
a	44	18	3588
a	91	41	1062
a	20	91	344
a	77	86	1831
a	81	19	2534
a	6	82	3100
a	67	64	4304
a	30	84	2651
a	91	70	2991
a	80	100	2512
a	33	50	882
a	19	3	3288
a	66	58	3360
a	86	57	1333
a	42	51	3286
a	5	77	2298
a	38	15	2810
a	32	84	4350
a	14	36	3937
a	18	91	4771
a	75	22	4916
a	95	91	2253
a	65	28	4181
a	51	33	496
a	98	92	1184
a	61	72	510
a	27	88	1895
a	88	90	1859
a	17	34	4993
a	13	54	867
a	74	36	3400
a	50	61	84
a	46	49	1249
a	36	79	3145
a	83	44	2759
a	59	23	3372
a	45	24	1289
a	31	69	606
a	96	16	4188
a	25	20	3242
a	72	25	2026
a	1	3	4597
a	58	84	2558
a	78	19	1480
a	48	98	3266
a	54	8	1113
a	30	33	470
a	34	60	4945
a	91	53	1033
a	10	53	4014
a	67	60	2838
a	63	8	986
a	53	98	536
a	39	19	261
a	90	25	305
a	19	31	614
a	76	20	985
a	66	30	2732
a	86	69	1369
a	52	93	789
a	18	44	4841
a	95	46	3196
a	99	43	3080
a	85	4	4420
a	71	49	2991
a	75	50	1830
a	51	61	433
a	23	16	1459
a	50	78	2424
a	13	90	2791
a	70	21	4759
a	74	88	4797
a	40	72	920
a	3	92	471
a	60	27	3133
a	50	33	4755
a	97	26	3901
a	26	22	1234
a	46	77	1292
a	69	84	4984
a	93	78	2429
a	96	77	4196
a	59	51	299
a	25	71	3576
a	35	58	2687
a	92	57	3168
a	96	60	517
a	11	5	1203
a	72	53	2517
a	21	100	516
a	44	75	3441
a	7	81	802
a	48	14	2379
a	30	29	4734
a	87	84	3376
a	91	17	4095
a	20	19	4827
a	24	86	4511
a	6	26	469
a	81	91	3590
a	67	24	3107
a	57	18	2305
a	33	9	4478
a	39	55	2493
a	19	59	1669
a	76	56	955
a	66	98	4124
a	86	97	3626
a	52	49	212
a	89	44	1191
a	75	65	3436
a	38	87	822
a	4	67	4442
a	99	71	1896
a	85	24	3417
a	89	93	713
a	14	28	4607
a	71	21	768
a	47	92	2445
a	51	25	2663
a	17	89	1626
a	41	83	821
a	88	18	2977
a	64	11	4385
a	84	70	1159
a	93	33	489
a	97	38	4629
a	12	9	1669
a	69	72	4043
a	55	26	3507
a	25	35	314
a	45	96	4497
a	31	29	1513
a	92	29	1232
a	48	91	258
a	11	33	1237
a	68	22	2677
a	72	81	3475
a	1	75	1443
a	58	12	1574
a	78	75	3701
a	44	47	29
a	48	42	345
a	20	64	1516
a	24	3	4187
a	20	55	838
a	53	41	4323
a	63	64	3616
a	29	80	173
a	33	21	4311
a	80	8	551
a	86	18	1315
a	56	97	2414
a	76	92	4355
a	62	27	475
a	8	83	4226
a	99	18	4253
a	28	14	3202
a	85	75	1325
a	4	39	3912
a	8	34	4818
a	65	55	1064
a	41	62	396
a	61	35	27
a	37	10	3801
a	94	53	3219
a	98	40	4400
a	3	7	2158
a	23	88	1256
a	84	90	2478
a	50	22	4511
a	13	98	1828
a	16	25	4571
a	83	19	3294
a	73	41	4360
a	59	10	380
a	49	48	1519
a	25	63	141
a	82	56	2574
a	1	38	3590
a	21	43	239
a	78	52	2634
a	7	8	1479
a	68	10	4978
a	1	87	869
a	58	32	653
a	34	25	2215
a	91	40	4222
a	20	100	4472
a	6	83	2353
a	30	85	1098
a	91	89	4159
a	63	23	410
a	53	13	548
a	57	74	3829
a	63	100	360
a	29	52	925
a	33	49	2882
a	5	59	3672
a	66	59	4054
a	76	64	761
a	38	12	3311
a	8	79	2701
a	32	85	4212
a	89	100	3705
a	95	90	1775
a	65	19	2711
a	37	93	3341
a	98	93	4756
a	27	91	2337
a	47	20	167
a	51	81	1556
a	17	33	2016
a	94	17	619
a	23	15	2278
a	13	53	4445
a	70	46	102
a	74	37	2084
a	3	99	2921
a	26	51	4537
a	46	54	2390
a	16	5	3691
a	55	45	3866
a	45	23	3290
a	49	92	4081
a	31	68	842
a	96	17	1521
a	25	27	3268
a	11	24	2689
a	72	26	3415
a	58	85	906
a	21	79	2226
a	78	16	316
a	44	96	2027
a	48	99	3976
a	30	38	1494
a	91	52	1595
a	6	63	3715
a	10	50	3469
a	63	11	4385
a	39	18	4653
a	29	24	2629
a	15	37	1733
a	19	30	138
a	76	21	495
a	66	31	4842
a	86	90	4902
a	52	94	2886
a	15	74	1761
a	56	25	2205
a	18	45	902
a	38	40	2462
a	85	3	2197
a	75	53	3702
a	98	97	2842
a	47	40	3801
a	94	13	1385
a	23	19	385
a	84	35	1696
a	50	79	104
a	13	89	1529
a	70	10	308
a	74	89	725
a	40	73	3763
a	3	95	1250
a	64	95	3660
a	22	88	1569
a	46	82	3099
a	69	83	711
a	73	16	3833
a	93	77	647
a	59	50	4014
a	25	70	3041
a	31	56	369
a	35	61	1022
a	96	61	863
a	11	4	3070
a	72	54	3529
a	44	68	2215
a	7	80	4048
a	68	66	1232
a	10	71	2182
a	30	2	365
a	91	16	4523
a	20	28	4705
a	77	29	3786
a	24	87	2124
a	67	27	2328
a	57	17	2120
a	43	34	801
a	100	81	4698
a	29	75	319
a	53	69	2069
a	100	32	294
a	15	57	3692
a	19	58	1709
a	76	57	3108
a	42	8	2941
a	32	46	836
a	89	51	1567
a	18	17	1370
a	4	76	145
a	99	70	590
a	85	39	4447
a	14	29	2373
a	89	92	2883
a	61	30	4753
a	51	24	3700
a	17	88	2939
a	41	82	3116
a	88	19	939
a	23	55	2439
a	84	71	2249
a	36	49	417
a	93	32	370
a	97	37	3224
a	16	77	4914
a	73	12	1865
a	49	11	2960
a	82	85	2853
a	49	100	481
a	11	32	448
a	72	82	4751
a	1	74	7
a	58	13	4894
a	44	40	4255
a	48	43	4887
a	20	65	254
a	24	4	1877
a	81	70	3893
a	53	40	3275
a	43	14	2747
a	63	67	3898
a	29	47	255
a	56	98	1542
a	19	86	358
a	76	93	1118
a	66	71	3753
a	99	21	3332
a	8	84	3386
a	32	74	1339
a	89	15	2996
a	4	32	4608
a	99	98	2863
a	8	35	4914
a	65	54	1398
a	85	59	4587
a	17	68	3907
a	37	9	175
a	94	58	51
a	41	78	513
a	3	6	2388
a	84	91	297
a	70	82	4241
a	46	27	3181
a	12	95	2777
a	73	95	1179
a	93	4	3529
a	79	81	4357
a	26	79	461
a	49	55	2712
a	35	100	1416
a	25	62	3078
a	82	57	2541
a	45	67	2468
a	1	37	4798
a	21	42	3308
a	11	76	2438
a	68	11	1717
a	72	78	64
a	34	22	3055
a	24	96	1947
a	6	80	3069
a	10	31	1750
a	30	90	2562
a	87	31	4475
a	91	88	2581
a	77	37	4883
a	63	22	1332
a	33	71	2189
a	57	73	506
a	29	51	2293
a	19	5	1113
a	5	58	2796
a	86	63	1871
a	76	65	4748
a	38	13	4440
a	28	19	3695
a	32	86	588
a	71	79	2179
a	18	89	4587
a	51	35	2003
a	37	92	442
a	98	90	1061
a	61	70	1285
a	27	90	318
a	88	92	874
a	17	32	2129
a	13	52	4722
a	70	47	4780
a	74	34	2139
a	3	98	4917
a	83	65	1713
a	46	55	3845
a	12	67	1678
a	16	6	4525
a	79	53	4323
a	83	46	2584
a	69	15	3128
a	55	44	2165
a	49	83	3539
a	92	87	4633
a	96	18	801
a	25	26	3765
a	72	27	3243
a	58	82	3156
a	21	78	3608
a	44	97	1854
a	48	100	1010
a	54	14	2411
a	34	58	3475
a	6	60	4858
a	10	51	1220
a	67	62	861
a	43	57	72
a	39	13	4547
a	80	66	4416
a	15	36	2599
a	62	65	2379
a	9	91	2580
a	66	28	1687
a	86	91	3738
a	52	95	4607
a	42	21	1743
a	18	42	1154
a	38	41	799
a	95	40	4613
a	99	45	3771
a	14	6	1935
a	75	52	2423
a	88	56	4819
a	23	18	1207
a	64	33	2252
a	70	11	1952
a	74	70	599
a	40	74	4796
a	60	21	4088
a	64	80	2790
a	22	89	3541
a	26	20	2913
a	83	93	2463
a	46	83	1683
a	69	82	1297
a	93	76	4115
a	55	48	4821
a	59	53	4997
a	92	59	2989
a	96	62	2133
a	68	60	2728
a	21	98	1038
a	68	67	2545
a	24	41	1361
a	34	94	1463
a	20	29	447
a	77	28	1566
a	24	88	4690
a	6	24	4815
a	100	82	114
a	33	15	3978
a	90	72	3107
a	100	33	3138
a	76	58	1397
a	56	54	1029
a	42	9	3440
a	28	36	1854
a	89	50	992
a	99	73	451
a	65	41	1694
a	71	23	1102
a	61	29	965
a	47	94	1959
a	51	27	2501
a	17	95	3861
a	94	95	902
a	41	81	1351
a	27	2	1400
a	3	45	1272
a	40	38	954
a	97	36	1604
a	69	54	3960
a	16	78	1222
a	35	75	3651
a	55	20	1703
a	59	81	1207
a	25	33	979
a	68	16	395
a	1	73	2566
a	44	41	2809
a	48	44	4939
a	20	66	1780
a	81	52	2844
a	34	98	1546
a	81	69	765
a	53	55	1330
a	39	68	632
a	63	66	3937
a	90	44	2313
a	80	10	2792
a	52	96	4886
a	15	28	3045
a	56	99	318
a	19	89	1673
a	76	94	1760
a	62	25	3969
a	66	68	3215
a	52	23	2319
a	8	85	44
a	28	8	1293
a	32	75	1151
a	14	79	2251
a	89	14	2258
a	4	33	4569
a	8	36	1892
a	85	58	4944
a	41	60	798
a	88	65	2330
a	17	59	613
a	94	59	4513
a	98	38	813
a	74	15	2191
a	23	90	3465
a	84	100	1712
a	70	83	290
a	46	24	2552
a	12	88	4149
a	16	27	3871
a	73	94	411
a	79	80	732
a	83	21	585
a	12	47	1130
a	73	47	4808
a	59	12	3865
a	49	54	4954
a	31	98	1735
a	25	61	2034
a	82	54	3029
a	45	66	757
a	78	58	4805
a	11	79	788
a	72	79	4607
a	34	23	3443
a	77	83	2291
a	6	81	1289
a	10	28	367
a	30	91	4423
a	87	30	4163
a	77	36	3627
a	57	72	1844
a	29	50	1408
a	19	4	3252
a	5	57	2696
a	66	57	378
a	86	60	2079
a	76	66	3809
a	42	62	3823
a	38	2	4069
a	65	96	3453
a	32	87	776
a	18	86	4357
a	4	5	28
a	41	24	2101
a	61	69	2848
a	27	93	11
a	47	22	1413
a	37	44	2791
a	94	23	1210
a	23	9	3824
a	84	9	4117
a	13	51	3742
a	70	44	4969
a	74	35	921
a	50	56	4786
a	16	7	3238
a	22	45	3174
a	69	14	2391
a	59	40	907
a	45	21	2766
a	31	70	522
a	35	3	2898
a	92	80	3480
a	11	26	1394
a	72	28	166
a	21	77	3698
a	54	15	3581
a	91	54	1479
a	10	48	3922
a	67	33	4233
a	43	56	3987
a	63	53	2754
a	39	12	296
a	80	67	4694
a	100	14	790
a	29	22	193
a	19	32	3549
a	76	23	1324
a	5	29	785
a	62	70	1026
a	52	88	603
a	42	18	1104
a	32	4	4997
a	18	43	3957
a	38	46	2024
a	95	43	3150
a	89	70	3954
a	14	7	2761
a	75	55	4220
a	47	69	2774
a	94	96	1079
a	47	42	4193
a	88	57	1281
a	17	3	1909
a	23	45	4087
a	70	8	4785
a	74	71	752
a	3	65	4274
a	64	81	2485
a	26	21	2847
a	46	80	582
a	69	81	2625
a	73	22	2001
a	55	51	1625
a	59	52	3781
a	35	63	2159
a	92	52	2151
a	96	63	1511
a	7	61	2736
a	11	6	566
a	72	56	3198
a	44	70	4197
a	7	82	1613
a	87	81	2151
a	91	18	4431
a	20	30	4730
a	77	27	295
a	81	88	3424
a	6	25	4439
a	67	29	3506
a	63	41	4
a	29	73	2633
a	33	14	1075
a	90	73	3228
a	19	60	1598
a	76	59	1331
a	62	98	2679
a	52	60	671
a	56	55	3346
a	28	37	1557
a	18	15	1048
a	38	74	2391
a	99	72	2078
a	8	9	4232
a	65	40	1769
a	28	84	1
a	71	22	892
a	61	28	3494
a	17	94	1632
a	37	19	2729
a	94	92	1300
a	98	3	2338
a	27	5	4327
a	3	44	3372
a	60	75	1635
a	23	49	3259
a	64	14	1268
a	84	65	2270
a	40	39	1270
a	60	58	2403
a	16	48	1050
a	93	62	3824
a	69	53	3572
a	16	79	3826
a	59	80	4633
a	82	83	1673
a	45	93	1895
a	31	30	1302
a	92	24	2708
a	21	20	3217
a	7	33	3753
a	11	34	4952
a	68	17	2608
a	44	42	1031
a	48	45	4454
a	20	67	3661
a	81	43	4471
a	77	63	4921
a	81	68	2124
a	6	5	2343
a	57	51	1866
a	39	71	3979
a	33	42	3620
a	19	88	1676
a	5	85	3878
a	62	30	2331
a	66	69	3080
a	99	23	3345
a	85	72	2291
a	32	76	2937
a	89	13	4560
a	14	76	4539
a	4	34	1388
a	95	99	4154
a	8	37	1931
a	85	57	3205
a	61	32	4297
a	17	58	4869
a	37	55	1533
a	98	39	648
a	13	14	4399
a	70	80	2318
a	46	25	4596
a	93	2	2518
a	97	71	1744
a	22	6	3197
a	79	83	3663
a	12	40	3549
a	69	41	3373
a	73	46	3647
a	45	48	1808
a	49	53	3236
a	82	55	3946
a	1	59	2630
a	11	78	2385
a	1	84	2834
a	34	20	4834
a	91	45	4599
a	24	98	3885
a	6	86	2387
a	81	23	107
a	10	29	1661
a	67	68	2456
a	91	90	3622
a	77	35	1830
a	63	16	3569
a	9	61	4590
a	76	67	3970
a	95	54	3723
a	99	51	2209
a	18	87	3839
a	75	10	4985
a	98	88	1373
a	27	92	4999
a	47	17	1519
a	88	94	3132
a	23	8	2788
a	84	10	1504
a	13	50	1917
a	70	45	3209
a	40	80	1200
a	50	57	1809
a	83	67	662
a	36	75	4557
a	97	99	1116
a	79	55	1779
a	59	43	2346
a	45	20	3337
a	49	81	2745
a	31	65	3309
a	92	81	4014
a	55	95	2504
a	25	24	3593
a	82	27	247
a	72	29	3152
a	1	7	2202
a	78	23	3616
a	34	56	4033
a	91	9	2629
a	10	49	1977
a	87	61	2116
a	29	100	4866
a	33	97	1145
a	39	15	1631
a	80	68	915
a	43	72	719
a	100	15	3257
a	19	35	2031
a	62	71	2299
a	75	89	1987
a	38	47	2780
a	99	47	2519
a	71	45	4845
a	75	54	3354
a	27	56	3794
a	47	53	775
a	50	74	3921
a	74	68	2284
a	64	82	1193
a	36	24	3851
a	97	30	1275
a	12	97	1776
a	69	80	2647
a	16	100	4732
a	73	21	3414
a	93	74	161
a	79	11	2285
a	55	50	1076
a	96	65	431
a	25	75	707
a	7	60	1180
a	72	57	2426
a	21	96	2718
a	44	71	2440
a	7	77	3962
a	10	66	4937
a	34	92	34
a	91	21	450
a	20	31	2874
a	77	26	1112
a	6	30	3928
a	67	28	1393
a	43	39	1647
a	33	13	4431
a	90	86	476
a	39	51	1502
a	15	58	3694
a	42	100	2286
a	89	48	2190
a	75	69	3107
a	38	75	1583
a	4	79	866
a	99	75	4525
a	8	10	4341
a	28	85	3458
a	47	88	4701
a	51	29	2417
a	17	93	3006
a	37	18	1356
a	64	15	33
a	46	2	566
a	36	60	4133
a	93	61	3752
a	97	58	1376
a	12	5	1652
a	16	64	2613
a	49	8	2851
a	35	77	4548
a	55	22	2671
a	25	39	1285
a	82	80	3998
a	31	25	538
a	92	25	1961
a	7	32	3044
a	48	95	3683
a	72	85	4695
a	1	79	403
a	58	8	2905
a	78	79	549
a	44	43	3381
a	48	46	1615
a	20	76	3428
a	24	7	3103
a	20	51	720
a	77	62	476
