p	max	100	5000
n	1	s	
n	2	t	
a	63	76	9431
a	19	91	9525
a	76	88	6733
a	42	88	1866
a	85	87	6255
a	32	77	2957
a	95	98	9971
a	8	38	2248
a	85	56	2696
a	41	34	5996
a	88	67	4112
a	94	57	2171
a	98	36	2696
a	3	11	3488
a	46	30	2453
a	12	90	4497
a	16	29	1991
a	73	92	9256
a	22	7	910
a	79	82	1461
a	59	14	7327
a	96	9	1330
a	25	3	4533
a	21	55	9572
a	78	56	9581
a	54	33	331
a	44	15	1380
a	67	71	482
a	30	89	6908
a	91	93	5435
a	33	68	9288
a	53	9	4068
a	80	89	6674
a	63	96	8132
a	19	6	3955
a	5	39	728
a	86	50	865
a	52	70	9081
a	62	59	7032
a	14	41	801
a	71	72	2894
a	65	23	5299
a	37	89	1974
a	47	16	4805
a	88	95	7298
a	51	85	2406
a	17	37	3675
a	37	42	8947
a	94	21	5842
a	84	11	3848
a	74	33	9482
a	26	63	1998
a	83	66	4062
a	46	58	3043
a	97	98	6302
a	79	54	1405
a	83	51	3088
a	69	12	4699
a	55	41	7311
a	31	64	6283
a	35	5	6956
a	55	94	5307
a	96	21	7485
a	72	30	5447
a	21	75	8703
a	54	13	3142
a	30	42	9742
a	34	57	192
a	91	8	2373
a	6	51	9223
a	87	60	8111
a	63	55	6159
a	29	99	5279
a	33	96	8304
a	39	14	9886
a	80	69	5082
a	43	75	1315
a	100	8	177
a	19	34	3094
a	5	27	5052
a	62	68	1679
a	66	27	2357
a	52	90	9228
a	15	86	525
a	32	6	2766
a	4	84	4692
a	99	46	4466
a	14	5	7730
a	71	44	3252
a	75	41	8818
a	47	71	1913
a	27	59	8879
a	23	47	4704
a	64	36	5824
a	84	47	8139
a	70	14	7512
a	74	69	8314
a	3	67	4515
a	64	83	3069
a	97	29	4361
a	22	92	3168
a	83	94	5348
a	12	98	5587
a	69	95	4470
a	73	20	8794
a	93	73	692
a	35	80	8363
a	96	66	1240
a	31	36	5434
a	35	33	4438
a	92	54	9293
a	11	56	8832
a	72	58	4370
a	1	98	2207
a	48	3	6901
a	68	78	5425
a	24	44	3130
a	30	6	7622
a	34	93	8465
a	91	20	6403
a	20	24	8103
a	24	91	9843
a	81	94	6641
a	43	38	4234
a	100	93	3171
a	33	12	6183
a	53	65	6519
a	39	50	3794
a	100	44	3116
a	86	11	3568
a	15	5	9326
a	19	62	9314
a	56	57	9721
a	89	55	4584
a	95	9	6811
a	28	86	2500
a	61	26	5219
a	47	91	1684
a	17	92	7802
a	37	17	7465
a	94	66	7207
a	88	23	1189
a	74	22	8887
a	3	46	3284
a	60	69	448
a	46	3	7709
a	36	61	1725
a	93	60	1920
a	97	57	5933
a	12	6	5351
a	16	65	5128
a	73	48	523
a	49	15	9097
a	55	17	3532
a	82	81	7145
a	45	91	7854
a	48	80	9744
a	68	19	3389
a	72	86	944
a	1	78	3563
a	78	76	9926
a	44	36	5859
a	20	77	7715
a	81	41	9374
a	34	97	9513
a	77	61	7156
a	39	65	2758
a	43	2	5773
a	29	43	8955
a	33	40	4528
a	90	43	4615
a	9	7	5248
a	52	99	8574
a	15	25	4447
a	19	90	7582
a	5	83	2063
a	62	28	6035
a	99	25	2852
a	8	88	3111
a	28	11	4735
a	85	86	4252
a	32	78	8498
a	14	82	5376
a	89	19	7886
a	75	96	689
a	4	44	9056
a	65	10	198
a	88	68	6683
a	37	53	4295
a	94	62	6122
a	98	37	9111
a	74	10	6341
a	23	87	4278
a	50	19	2128
a	40	5	4356
a	46	31	6366
a	12	91	7331
a	16	30	9121
a	36	81	5388
a	22	4	9503
a	79	93	4869
a	83	22	642
a	73	44	1643
a	45	46	2711
a	49	43	4464
a	92	79	9178
a	96	10	1111
a	82	53	8470
a	21	54	248
a	11	64	827
a	58	45	4615
a	44	8	5473
a	34	18	5410
a	20	97	1159
a	77	80	7181
a	24	100	2532
a	81	21	1454
a	10	27	5408
a	30	94	1829
a	77	33	7525
a	53	8	2176
a	80	90	32
a	100	21	2978
a	90	15	7045
a	19	9	2456
a	5	38	7001
a	9	35	667
a	66	52	9650
a	52	71	3425
a	62	56	3739
a	95	48	2091
a	18	85	3349
a	75	12	3425
a	95	65	5593
a	65	22	2628
a	51	39	3930
a	37	88	5683
a	41	29	1613
a	98	86	3807
a	61	66	4982
a	27	94	4873
a	47	19	4620
a	17	36	7522
a	37	41	312
a	13	48	1635
a	70	35	1587
a	74	46	7350
a	40	82	5843
a	22	32	4937
a	79	49	1967
a	83	50	2362
a	69	11	8560
a	45	18	8435
a	31	67	8105
a	35	4	901
a	92	83	178
a	55	89	4030
a	96	22	2986
a	82	25	7973
a	72	31	3028
a	58	94	7110
a	21	74	6732
a	78	21	9752
a	44	93	1285
a	48	24	984
a	87	78	7886
a	24	64	7766
a	6	48	8312
a	10	63	5385
a	67	34	6167
a	87	63	7552
a	80	70	7403
a	100	9	7619
a	29	19	7326
a	66	24	206
a	86	95	5774
a	52	91	9553
a	76	97	8446
a	32	7	4783
a	18	38	7021
a	75	91	7289
a	38	45	212
a	4	85	1042
a	95	20	1633
a	99	81	4935
a	85	14	5357
a	71	47	66
a	47	70	5244
a	51	3	9720
a	27	58	4354
a	88	60	4018
a	3	53	9130
a	13	84	4076
a	70	15	2641
a	40	78	764
a	36	26	7965
a	97	28	6389
a	83	97	6273
a	69	94	9056
a	73	27	9858
a	93	72	4632
a	96	67	5414
a	31	39	6365
a	35	32	8054
a	7	62	3004
a	68	56	8476
a	44	65	8069
a	7	79	7519
a	34	90	6347
a	81	93	5762
a	6	28	9640
a	67	30	4841
a	57	20	4668
a	63	42	2346
a	29	70	5593
a	53	64	7009
a	80	34	6006
a	86	8	2078
a	19	65	7315
a	76	54	4926
a	42	98	1244
a	62	97	812
a	56	58	3736
a	18	10	4066
a	38	73	8144
a	85	34	9437
a	61	25	1071
a	51	31	6799
a	37	16	6776
a	94	67	55
a	41	85	2349
a	27	6	1960
a	74	23	2607
a	3	17	2099
a	60	70	7979
a	40	42	4561
a	60	53	6984
a	16	51	7886
a	36	62	5622
a	97	56	7715
a	73	55	7275
a	35	79	334
a	55	16	6265
a	45	90	1011
a	11	39	1270
a	1	77	9141
a	58	22	5710
a	44	37	4194
a	34	15	3064
a	24	9	4836
a	81	40	8519
a	10	100	6647
a	20	61	7448
a	53	51	3392
a	39	64	1892
a	43	5	346
a	29	42	4490
a	33	47	2304
a	90	40	5295
a	80	14	2230
a	19	93	1521
a	76	90	9524
a	8	89	1837
a	99	24	2596
a	41	32	6176
a	37	52	6999
a	94	63	1331
a	13	11	2697
a	3	13	608
a	84	96	807
a	50	16	1514
a	46	28	5955
a	36	82	9603
a	93	31	1838
a	79	92	7350
a	69	22	9182
a	49	42	5278
a	92	72	3840
a	96	11	8897
a	82	50	9369
a	1	56	9279
a	78	62	4009
a	7	6	714
a	54	39	7748
a	44	9	619
a	34	19	7900
a	20	98	505
a	6	85	2339
a	67	73	5309
a	30	95	7271
a	91	95	3103
a	57	76	5740
a	39	100	3213
a	43	97	7546
a	90	12	5600
a	19	8	5402
a	9	34	3089
a	66	53	781
a	86	48	5480
a	42	58	3503
a	62	57	1151
a	38	6	3318
a	95	51	6716
a	71	74	6343
a	75	15	5759
a	95	64	7740
a	65	21	8828
a	98	87	1244
a	47	18	2125
a	51	87	524
a	23	5	4224
a	84	21	765
a	70	32	4769
a	74	47	4698
a	40	83	1313
a	50	52	5958
a	83	68	6956
a	46	56	2531
a	93	99	4996
a	22	33	1050
a	97	96	5942
a	79	48	2030
a	69	10	5209
a	45	17	5845
a	49	86	7171
a	31	66	40
a	35	7	4513
a	55	88	9133
a	25	29	6982
a	82	22	7798
a	11	30	2230
a	21	73	7075
a	30	40	4712
a	34	55	8645
a	91	10	6910
a	20	6	7886
a	24	65	5815
a	10	60	1576
a	67	37	5386
a	43	77	1496
a	15	35	3173
a	76	19	6698
a	66	25	5313
a	86	92	9908
a	52	36	2066
a	15	80	8788
a	42	30	196
a	32	24	9663
a	18	39	9982
a	38	34	5182
a	95	23	7836
a	4	86	9049
a	99	80	8355
a	65	64	7976
a	28	76	9336
a	14	11	7011
a	51	2	3175
a	27	61	899
a	47	54	5571
a	84	41	8623
a	3	69	3149
a	60	18	9959
a	36	27	3396
a	97	19	8238
a	35	82	115
a	55	15	13
a	59	72	6405
a	31	38	475
a	92	48	2751
a	7	57	7077
a	68	57	2735
a	44	66	3763
a	7	78	1598
a	68	72	6089
a	10	65	9267
a	30	4	7690
a	34	91	5819
a	20	26	6537
a	77	23	8236
a	24	93	4585
a	81	92	6853
a	57	27	979
a	43	24	7664
a	100	95	5039
a	63	85	3031
a	29	69	3547
a	53	79	8680
a	15	7	8524
a	56	76	4961
a	56	59	762
a	32	36	1497
a	75	70	3459
a	95	11	884
a	8	13	1285
a	28	80	7512
a	85	33	6568
a	51	30	7032
a	37	31	2303
a	41	84	385
a	98	31	9951
a	60	71	1601
a	16	52	6195
a	93	58	7592
a	49	13	7239
a	59	84	4795
a	25	36	3806
a	82	79	3370
a	31	26	613
a	78	35	8234
a	7	29	3593
a	48	82	3754
a	11	38	6657
a	72	88	2603
a	1	76	2015
a	78	82	9909
a	44	38	8944
a	48	33	9127
a	81	47	5219
a	30	96	887
a	53	50	817
a	39	67	26
a	43	4	2668
a	63	73	2121
a	29	41	9602
a	33	46	2656
a	90	41	5480
a	9	5	8280
a	19	92	9316
a	42	71	5666
a	62	2	5320
a	52	28	2689
a	99	27	9703
a	28	5	4667
a	85	84	6015
a	32	64	8953
a	89	17	2264
a	14	80	8141
a	71	97	4509
a	8	41	3933
a	65	8	9671
a	41	39	3699
a	61	60	8625
a	94	60	4291
a	74	8	5641
a	3	12	1402
a	23	81	2133
a	50	17	3912
a	70	84	8330
a	40	7	923
a	46	29	2635
a	12	85	3926
a	93	30	1741
a	79	95	8448
a	83	24	2284
a	59	3	9270
a	49	41	8804
a	92	73	7486
a	82	51	7937
a	1	63	9808
a	21	52	4089
a	11	66	5915
a	58	43	2804
a	44	10	4185
a	34	16	3948
a	91	33	8988
a	81	11	3761
a	6	74	5913
a	10	25	2194
a	30	92	6964
a	87	21	3464
a	53	22	456
a	43	96	4713
a	5	36	10000
a	9	33	8424
a	66	50	4415
a	86	49	9503
a	52	65	7826
a	56	4	3562
a	95	50	3639
a	71	69	37
a	18	83	2609
a	4	2	258
a	65	20	4939
a	51	41	9147
a	37	70	3012
a	41	3	9917
a	98	84	8554
a	47	29	469
a	94	24	8870
a	23	4	3868
a	70	33	7050
a	74	44	9056
a	50	53	9992
a	46	57	8783
a	22	38	579
a	79	51	6372
a	83	52	3174
a	69	9	1346
a	59	47	6150
a	49	85	1611
a	31	77	5985
a	35	6	8769
a	92	45	5604
a	96	40	985
a	82	23	9304
a	11	17	7779
a	58	92	6627
a	78	27	9352
a	44	95	1757
a	48	26	1134
a	87	72	9996
a	34	52	753
a	20	7	9879
a	24	66	2288
a	67	36	3358
a	87	57	1579
a	43	63	5475
a	63	48	4537
a	80	56	9629
a	100	11	7974
a	15	34	6725
a	76	12	4068
a	62	75	2826
a	66	22	6875
a	76	99	7341
a	75	93	1136
a	38	35	1642
a	8	18	5679
a	65	71	8024
a	28	77	9079
a	85	12	2117
a	14	8	5658
a	89	73	3519
a	47	64	2280
a	51	5	5662
a	27	60	3283
a	3	55	7371
a	64	39	9728
a	84	42	5254
a	13	82	7246
a	70	13	4008
a	74	64	3152
a	60	19	409
a	64	86	5715
a	36	4	221
a	97	18	3757
a	26	30	7209
a	83	99	7437
a	46	85	5926
a	12	29	5306
a	16	88	178
a	93	70	5465
a	35	85	9059
a	96	69	5285
a	59	75	5345
a	35	34	9291
a	96	52	5520
a	7	56	9758
a	11	61	672
a	68	58	1105
a	7	73	4861
a	48	6	7153
a	68	73	9384
a	24	47	4041
a	10	78	7260
a	30	5	1532
a	34	88	561
a	20	27	9274
a	77	22	1179
a	24	94	8105
a	57	26	6934
a	100	88	8965
a	39	47	9337
a	80	36	7708
a	86	14	8789
a	56	77	6292
a	19	67	6477
a	76	48	598
a	42	96	4973
a	52	57	8402
a	56	60	177
a	32	37	3498
a	89	52	9039
a	38	79	8156
a	95	10	380
a	65	35	417
a	28	81	1068
a	85	32	9845
a	47	100	423
a	51	97	8450
a	17	81	2580
a	37	30	9094
a	94	65	804
a	41	91	4349
a	98	28	3284
a	74	21	6945
a	3	19	4789
a	60	64	3566
a	23	76	7704
a	84	78	5422
a	74	100	4458
a	40	44	9329
a	60	55	7051
a	36	56	6622
a	16	68	7597
a	73	53	8210
a	49	12	4973
a	55	18	8700
a	59	87	2793
a	25	43	4185
a	82	76	7492
a	31	5	635
a	21	31	6911
a	78	32	5769
a	7	28	7990
a	68	30	2390
a	72	89	878
a	54	89	1158
a	1	67	2903
a	48	34	5934
a	24	11	4161
a	10	98	7123
a	20	63	519
a	53	49	8565
a	39	66	5479
a	43	7	1280
a	63	72	1436
a	29	40	1884
a	66	47	3256
a	86	42	637
a	19	95	3595
a	76	84	3074
a	42	68	2876
a	62	3	2794
a	52	29	1478
a	38	24	7946
a	99	26	8409
a	28	6	8829
a	85	83	6876
a	89	16	1038
a	14	81	8672
a	71	96	5147
a	4	47	2320
a	8	42	6230
a	41	38	5383
a	61	59	6380
a	88	71	9812
a	17	61	5520
a	94	61	7507
a	13	9	6151
a	60	100	3431
a	84	98	6437
a	40	8	9410
a	26	39	5304
a	46	34	2634
a	73	64	6867
a	93	29	7233
a	97	90	4481
a	79	94	2120
a	26	86	1610
a	83	27	5866
a	69	20	4211
a	92	74	339
a	96	13	8553
a	25	7	4967
a	11	69	4349
a	58	40	8510
a	44	11	7561
a	30	50	739
a	34	17	5835
a	91	32	2771
a	81	10	4348
a	67	75	2294
a	91	81	7129
a	53	21	1518
a	80	93	3200
a	43	99	5872
a	100	16	7746
a	29	12	462
a	9	32	3790
a	52	66	7143
a	62	63	8258
a	38	4	235
a	95	61	506
a	71	68	874
a	18	80	8828
a	98	85	6497
a	88	35	8263
a	51	89	3176
a	84	23	1855
a	13	45	698
a	74	45	1799
a	60	8	8784
a	64	75	1844
a	26	59	349
a	83	70	8385
a	46	62	4406
a	93	97	921
a	22	39	6171
a	79	50	8787
a	83	55	1339
a	55	37	3406
a	45	15	4781
a	92	46	3034
a	96	41	2337
a	72	2	171
a	1	26	3429
a	21	87	4045
a	78	24	5520
a	7	100	2411
a	48	27	6152
a	68	86	1262
a	30	46	9567
a	87	75	6839
a	24	67	7756
a	10	58	568
a	43	62	3666
a	33	100	4607
a	29	16	2176
a	15	45	6773
a	9	92	2477
a	86	82	5911
a	15	82	12
a	56	33	488
a	42	28	4730
a	32	26	5660
a	38	32	6332
a	95	17	9863
a	8	19	1762
a	28	78	6858
a	85	11	1411
a	89	72	4129
a	75	45	2554
a	61	99	8641
a	27	63	4306
a	88	63	9941
a	17	5	8206
a	84	43	9273
a	50	71	7043
a	70	2	6080
a	74	65	5769
a	3	71	9429
a	64	87	5846
a	36	5	1961
a	97	17	6590
a	79	97	5848
a	26	31	6532
a	46	90	2009
a	93	69	1572
a	79	22	8361
a	35	84	9269
a	55	9	2236
a	59	74	6149
a	25	78	248
a	31	32	8986
a	35	37	4237
a	7	59	5618
a	72	62	5816
a	7	72	4062
a	10	79	8149
a	30	10	2261
a	20	36	8365
a	24	95	4799
a	81	82	1563
a	67	3	3109
a	39	89	6461
a	43	26	746
a	29	67	208
a	90	83	5070
a	53	77	5681
a	80	37	9573
a	100	40	5392
a	86	15	8838
a	56	78	8564
a	19	66	1505
a	42	97	2015
a	28	35	466
a	99	78	2576
a	28	82	7387
a	85	47	2375
a	71	12	2615
a	51	96	200
a	17	80	6704
a	94	70	3451
a	41	90	4188
a	98	29	7180
a	88	27	7881
a	60	65	8246
a	23	79	6942
a	64	4	8525
a	40	45	1213
a	97	61	2102
a	16	69	2235
a	73	52	9782
a	49	3	4050
a	59	86	6539
a	25	42	6043
a	82	77	8386
a	31	4	7183
a	7	31	3469
a	48	84	4452
a	11	88	2227
a	54	94	4928
a	44	32	9618
a	81	45	2921
a	77	57	7231
a	57	53	8211
a	63	75	8856
a	29	39	7827
a	33	44	4613
a	86	43	4325
a	19	94	12
a	42	69	7677
a	5	95	8396
a	66	95	194
a	38	25	6932
a	8	92	3794
a	99	29	827
a	32	66	7325
a	71	99	5415
a	75	100	4985
a	4	40	3372
a	65	14	6256
a	98	78	7936
a	88	72	85
a	37	49	8369
a	94	34	5035
a	70	59	5844
a	23	83	1310
a	50	15	4154
a	26	36	1636
a	46	35	6149
a	36	93	5203
a	83	26	4908
a	12	38	977
a	69	19	1640
a	92	75	9165
a	82	49	6115
a	7	3	515
a	34	46	877
a	91	35	4629
a	81	9	8595
a	67	74	3541
a	87	23	9039
a	91	80	7918
a	53	20	5257
a	57	81	6195
a	80	94	2490
a	43	98	1262
a	100	17	2676
a	5	34	2864
a	66	48	7533
a	52	67	3431
a	62	60	83
a	38	5	550
a	99	57	6029
a	4	12	10
a	51	43	874
a	98	82	6424
a	61	94	6028
a	27	82	3279
a	17	24	3234
a	94	30	379
a	84	16	1398
a	74	42	9358
a	40	86	5464
a	64	76	8536
a	50	51	6992
a	26	56	9123
a	83	73	3261
a	93	96	2033
a	83	54	6818
a	59	33	8456
a	49	75	1819
a	55	85	9037
a	82	21	2442
a	11	19	626
a	72	3	6466
a	21	86	7072
a	44	89	3656
a	48	28	6624
a	11	96	5953
a	54	6	4416
a	30	47	9227
a	24	68	8528
a	87	59	9124
a	43	49	2696
a	63	50	3788
a	80	58	2426
a	100	53	589
a	15	44	9799
a	19	41	5882
a	5	6	4011
a	9	67	8173
a	66	20	3555
a	15	93	5151
a	56	34	5795
a	75	95	6399
a	38	33	6187
a	99	85	1891
a	28	79	3927
a	89	79	4599
a	71	43	4940
a	47	66	7508
a	61	98	690
a	17	4	7290
a	23	42	3022
a	64	57	2427
a	50	68	9941
a	70	3	4831
a	40	50	8488
a	36	6	3542
a	46	91	9936
a	12	31	2677
a	35	87	5029
a	55	8	3175
a	31	35	6871
a	96	54	2499
a	7	58	5583
a	11	63	1771
a	68	36	6490
a	44	61	1561
a	48	56	1594
a	68	75	8859
a	10	76	9563
a	34	86	3659
a	20	37	5300
a	77	20	6476
a	67	2	5797
a	57	24	4929
a	39	88	5348
a	43	29	4068
a	100	90	3498
a	90	80	7033
a	80	38	9128
a	86	12	3352
a	19	69	9733
a	76	50	9747
a	52	59	3034
a	28	60	4756
a	65	33	9871
a	85	46	7362
a	51	99	815
a	17	87	4665
a	94	71	507
a	41	89	4650
a	98	26	4265
a	88	28	7246
a	3	21	8153
a	60	66	7527
a	23	78	8140
a	64	5	2550
a	74	98	5079
a	46	4	9493
a	16	55	1667
a	36	58	5000
a	97	60	8066
a	16	70	9342
a	92	96	9377
a	82	74	1744
a	45	86	7730
a	11	91	7363
a	72	91	7834
a	58	18	7204
a	44	33	3119
a	34	11	5570
a	20	74	7224
a	24	13	922
a	81	44	6506
a	10	96	1457
a	67	81	1129
a	53	63	7965
a	57	52	9604
a	63	74	7122
a	29	38	7336
a	80	2	2353
a	9	10	4435
a	66	45	818
a	42	66	6940
a	5	94	7480
a	66	92	2514
a	38	30	5305
a	8	93	56
a	89	22	5440
a	4	41	7489
a	8	44	8031
a	65	13	681
a	41	36	638
a	98	79	626
a	61	57	740
a	27	73	9133
a	17	51	8611
a	98	62	3019
a	13	7	4759
a	70	56	4493
a	23	82	3406
a	70	75	6915
a	26	37	7553
a	46	32	2726
a	12	80	1757
a	16	19	2755
a	73	70	9278
a	36	94	264
a	22	25	8614
a	97	88	1860
a	79	88	1280
a	26	84	956
a	69	18	316
a	45	41	8419
a	49	46	137
a	92	68	1160
a	1	60	8569
a	7	2	9688
a	11	71	4076
a	54	59	4048
a	58	54	1652
a	91	34	8120
a	6	73	146
a	30	67	2474
a	63	25	149
a	53	19	4611
a	100	18	6715
a	29	10	8089
a	19	12	6176
a	9	38	8829
a	18	63	8889
a	28	100	1824
a	14	51	5665
a	71	70	225
a	18	78	3420
a	4	13	3868
a	95	76	8868
a	51	42	6466
a	98	83	5267
a	61	93	2340
a	27	85	8964
a	88	37	9382
a	51	91	4124
a	70	36	3165
a	74	43	7443
a	40	87	3249
a	60	10	9025
a	64	77	9462
a	50	48	2266
a	26	57	7691
a	83	72	5352
a	46	60	7486
a	73	98	8491
a	22	37	8927
a	83	57	1820
a	59	32	8192
a	31	78	6598
a	55	84	7120
a	82	18	8280
a	11	18	2380
a	72	4	5812
a	58	91	8395
a	78	30	7828
a	44	90	9847
a	68	80	6784
a	87	69	7609
a	34	51	761
a	20	2	6040
a	24	69	663
a	6	53	5966
a	67	41	6309
a	43	48	4912
a	39	4	196
a	80	59	5184
a	62	78	112
a	9	66	3207
a	52	32	7163
a	42	26	7065
a	4	82	6907
a	95	19	9539
a	65	68	5624
a	28	72	3178
a	85	9	9265
a	89	78	9871
a	71	42	8309
a	51	6	6766
a	27	49	8965
a	3	56	929
a	64	58	1333
a	84	53	4913
a	50	69	324
a	13	79	7794
a	74	79	5997
a	40	51	9539
a	60	46	1620
a	36	7	5633
a	22	86	860
a	79	99	5484
a	12	24	8865
a	16	91	5604
a	73	30	1096
a	93	67	300
a	79	16	7644
a	35	86	6050
a	55	11	9746
a	59	76	9531
a	35	39	2659
a	7	53	7144
a	72	32	4763
a	1	100	7073
a	44	62	3329
a	7	74	1060
a	48	57	8250
a	24	50	8370
a	30	8	3820
a	34	87	1182
a	20	38	2615
a	6	17	2864
a	81	80	7242
a	67	5	1778
a	39	91	2630
a	43	28	9805
a	63	81	9508
a	29	65	5540
a	33	6	880
a	90	81	2369
a	53	75	9399
a	39	40	7943
a	100	42	3957
a	86	13	4174
a	15	3	4543
a	56	80	4090
a	76	51	1016
a	52	4	684
a	56	63	1287
a	28	61	3682
a	8	49	6355
a	65	32	6806
a	71	14	725
a	61	20	2390
a	47	97	3626
a	94	68	7964
a	98	27	1837
a	27	29	7285
a	88	29	8389
a	74	16	8102
a	3	20	9227
a	23	73	8067
a	64	6	1564
a	84	73	1949
a	40	47	5068
a	16	40	8080
a	36	59	210
a	93	54	5188
a	97	51	7063
a	79	71	3747
a	12	60	7319
a	16	71	9312
a	96	100	6921
a	25	40	9265
a	45	85	5039
a	31	6	1612
a	92	16	8982
a	21	28	8399
a	78	39	787
a	7	25	8865
a	11	90	4759
a	68	25	5111
a	72	92	1318
a	54	92	3100
a	48	37	2905
a	10	97	1477
a	87	13	8173
a	53	62	6278
a	57	59	8457
a	33	34	8595
a	90	53	7826
a	66	42	570
a	86	41	8474
a	76	87	4460
a	62	6	2442
a	99	31	578
a	14	84	3014
a	71	93	7333
a	65	12	3199
a	41	43	5404
a	61	56	4093
a	27	72	9515
a	47	5	5406
a	94	32	4668
a	13	6	1063
a	70	57	7202
a	74	52	6491
a	50	13	3702
a	40	11	5852
a	46	33	5935
a	16	20	7828
a	73	69	7170
a	93	26	4860
a	22	30	9436
a	79	91	6668
a	26	85	3382
a	83	28	8943
a	31	85	4519
a	1	51	3123
a	58	68	984
a	21	48	2608
a	78	3	5528
a	11	70	9767
a	58	55	5906
a	44	6	555
a	34	44	3081
a	81	15	5524
a	67	76	244
a	30	64	4417
a	91	82	7906
a	63	24	1774
a	33	93	3558
a	53	18	444
a	57	87	3943
a	100	19	3957
a	90	9	6308
a	19	15	3142
a	9	37	4256
a	66	14	9623
a	52	77	7226
a	56	8	747
a	42	39	2454
a	18	60	2894
a	99	59	2043
a	14	48	2507
a	75	2	1543
a	41	7	6883
a	61	92	5532
a	27	84	7302
a	47	25	476
a	88	38	7537
a	94	28	4373
a	84	18	7748
a	50	94	5963
a	74	40	7818
a	60	11	7632
a	50	49	413
a	26	6	2685
a	83	75	6900
a	69	100	1716
a	59	35	1807
a	45	12	1525
a	49	73	3541
a	92	41	461
a	55	87	6522
a	82	19	2806
a	1	31	9483
a	58	88	4912
a	7	97	6349
a	11	98	5229
a	68	81	7974
a	30	45	9551
a	34	48	7566
a	20	3	4622
a	24	70	3330
a	67	40	4438
a	87	53	6280
a	57	2	5690
a	80	60	2575
a	43	64	807
a	15	46	3059
a	76	8	8339
a	15	95	4942
a	56	36	6213
a	42	27	2040
a	8	22	3887
a	99	87	2074
a	65	91	2088
a	28	73	3571
a	85	8	4630
a	71	37	3500
a	41	99	7227
a	61	96	4897
a	27	48	6200
a	3	59	8966
a	64	59	8232
a	84	54	868
a	13	78	8801
a	40	52	245
a	3	72	1154
a	60	47	9575
a	22	87	2941
a	97	22	8703
a	46	89	4352
a	12	25	3754
a	73	29	1124
a	55	10	2516
a	96	89	329
a	31	45	8805
a	35	38	3755
a	92	13	4791
a	7	52	1961
a	44	63	5445
a	48	58	4101
a	10	74	7333
a	30	9	9833
a	6	22	887
a	81	87	8177
a	67	4	9727
a	57	30	3909
a	39	90	9269
a	29	64	501
a	90	94	9125
a	53	74	5445
a	100	43	5562
a	15	2	3790
a	19	71	8690
a	76	44	8809
a	52	5	5273
a	89	56	9548
a	18	4	6918
a	61	19	7846
a	47	96	3188
a	17	85	6682
a	94	69	6274
a	98	24	8547
a	64	7	3585
a	74	96	7311
a	46	10	2117
a	93	53	1981
a	97	50	3898
a	25	47	8710
a	92	17	6851
a	21	27	9405
a	78	36	9142
a	7	24	1281
a	48	87	8818
a	11	93	9138
a	68	26	3992
a	54	93	3694
a	58	16	7201
a	78	87	4509
a	44	35	906
a	48	38	5156
a	81	34	2346
a	91	73	1343
a	20	59	1313
a	57	58	5142
a	29	36	7020
a	80	4	1776
a	66	43	2132
a	86	46	7277
a	76	80	5463
a	42	64	9384
a	5	92	9374
a	62	7	27
a	66	90	5739
a	52	25	6771
a	8	95	2395
a	85	95	4429
a	32	69	8131
a	89	20	1987
a	14	85	8672
a	75	25	1601
a	65	3	7611
a	41	42	5589
a	61	55	4225
a	27	75	2924
a	94	33	5213
a	74	53	4132
a	50	10	3616
a	70	73	127
a	40	12	1203
a	26	35	9489
a	16	21	7319
a	36	88	9455
a	97	94	8728
a	83	31	5126
a	69	16	3239
a	45	39	6163
a	49	44	7861
a	92	70	6003
a	1	50	3033
a	58	69	2832
a	21	63	6324
a	54	57	6226
a	44	7	3924
a	30	54	9320
a	34	45	6572
a	91	36	3354
a	77	73	947
a	81	14	6590
a	30	65	1627
a	91	85	2203
a	33	92	5654
a	5	47	4821
a	62	80	9379
a	9	36	5935
a	66	15	4883
a	56	9	255
a	42	36	5524
a	18	61	6761
a	99	58	3479
a	14	49	8563
a	75	5	7348
a	95	78	9479
a	37	65	898
a	98	81	4287
a	61	91	8758
a	94	29	4246
a	23	3	1140
a	84	19	8676
a	50	95	334
a	13	41	987
a	40	89	7422
a	60	4	7905
a	97	9	9220
a	22	72	8967
a	26	7	7564
a	46	66	6013
a	69	99	3909
a	83	59	9374
a	49	72	2147
a	92	42	903
a	55	86	6712
a	96	45	6623
a	72	6	7588
a	58	89	5508
a	7	96	468
a	10	87	9488
a	30	18	2074
a	87	71	4149
a	6	43	2486
a	10	38	6900
a	67	43	8340
a	87	52	2705
a	43	50	9186
a	39	6	9436
a	80	61	3262
a	43	67	8942
a	15	41	7685
a	76	9	1229
a	9	64	2901
a	66	19	5496
a	52	34	1548
a	42	24	1097
a	32	30	1063
a	89	35	8823
a	75	80	373
a	38	36	1900
a	99	86	3899
a	65	90	9618
a	85	23	7749
a	61	14	9661
a	47	79	1632
a	51	8	9884
a	41	98	2051
a	27	51	5821
a	88	3	5953
a	64	60	8519
a	84	55	3003
a	3	75	8789
a	60	40	3760
a	22	84	67
a	26	27	5714
a	69	71	5476
a	16	93	2398
a	93	65	9549
a	79	18	9764
a	55	5	3936
a	96	90	4556
a	25	82	1561
a	21	6	904
a	7	55	1905
a	72	34	7878
a	44	56	7408
a	7	68	56
a	48	59	5078
a	10	75	6065
a	30	14	6015
a	6	23	7050
a	81	86	6202
a	67	7	3272
a	39	85	7999
a	100	69	8195
a	29	95	4999
a	9	19	979
a	86	3	6804
a	15	13	9075
a	56	82	1881
a	52	6	1471
a	32	58	2001
a	18	5	442
a	4	48	205
a	8	51	4512
a	65	38	6641
a	47	99	1868
a	51	100	1978
a	17	84	5305
a	37	25	1441
a	94	74	1620
a	27	31	7845
a	88	31	6720
a	3	22	2808
a	23	75	6384
a	84	75	6594
a	46	11	2537
a	93	52	6592
a	12	62	7210
a	73	56	8087
a	92	99	2610
a	25	46	9839
a	82	73	5570
a	45	83	6511
a	21	26	4965
a	78	37	8459
a	7	27	2539
a	11	92	8869
a	72	94	3279
a	1	70	531
a	87	15	573
a	91	72	6054
a	77	53	6313
a	53	60	6325
a	29	35	959
a	33	32	2431
a	66	40	2772
a	86	47	9512
a	15	97	5686
a	76	81	8822
a	42	65	1200
a	62	4	9094
a	66	91	691
a	52	26	3823
a	38	29	1105
a	28	3	6047
a	85	94	7052
a	65	2	6756
a	61	54	2225
a	27	74	5229
a	47	7	8094
a	17	48	7689
a	94	38	8606
a	98	61	6475
a	74	50	6893
a	64	100	5297
a	40	13	2596
a	16	22	518
a	73	75	5893
a	22	28	6988
a	26	83	4967
a	12	34	1660
a	69	31	7177
a	59	25	7894
a	45	38	517
a	49	35	4278
a	31	87	9767
a	92	71	3402
a	25	10	9503
a	1	49	6606
a	58	66	935
a	34	42	9883
a	91	39	882
a	6	76	7533
a	30	70	4917
a	91	84	3092
a	63	26	4524
a	33	83	8583
a	90	100	1090
a	53	16	5913
a	39	29	216
a	100	29	5050
a	29	7	7125
a	19	17	5431
a	9	43	4722
a	66	12	757
a	42	37	6532
a	18	58	3769
a	95	56	8581
a	99	61	58
a	32	98	651
a	18	77	6495
a	75	4	7440
a	95	73	4545
a	4	8	7044
a	51	47	1951
a	61	90	3975
a	27	86	4474
a	51	92	4192
a	17	28	1729
a	94	2	6408
a	23	2	5483
a	40	90	1039
a	60	5	9520
a	97	8	9252
a	22	73	6229
a	83	77	9717
a	46	67	5241
a	45	10	2365
a	55	81	2020
a	96	46	3544
a	1	29	4567
a	48	16	4146
a	68	83	5940
a	10	84	9085
a	30	19	8045
a	87	70	1685
a	91	3	4869
a	6	40	9252
a	80	62	4749
a	76	10	3907
a	9	71	9440
a	66	16	98
a	52	35	6866
a	15	89	735
a	56	38	6923
a	42	25	7004
a	14	99	7154
a	89	34	854
a	4	93	2080
a	8	24	8267
a	85	22	5044
a	89	83	2162
a	14	18	7638
a	75	32	5797
a	47	78	1536
a	27	50	5249
a	3	61	1797
a	23	38	1840
a	84	48	8123
a	13	76	2738
a	70	7	433
a	40	54	4979
a	3	74	1170
a	60	41	5217
a	22	85	1763
a	97	20	2004
a	26	24	668
a	46	95	2422
a	69	70	5632
a	16	94	526
a	93	64	3428
a	79	29	9500
a	96	91	8121
a	59	65	251
a	35	40	1656
a	7	54	9015
a	11	51	8335
a	68	32	231
a	72	35	1598
a	44	57	5763
a	7	71	9146
a	24	53	1010
a	20	33	7645
a	77	16	4456
a	67	6	2221
a	53	39	4964
a	57	28	2972
a	39	84	4644
a	43	17	7613
a	100	70	8345
a	90	92	3405
a	39	37	7618
a	80	26	9197
a	15	12	1963
a	32	59	4564
a	89	62	2485
a	8	52	5645
a	65	37	8028
a	71	11	5213
a	61	17	1401
a	27	97	765
a	47	98	2562
a	37	24	8360
a	94	75	1069
a	41	93	9758
a	13	31	9433
a	74	31	7552
a	3	25	9797
a	60	94	8644
a	23	74	4776
a	50	100	607
a	70	99	8249
a	40	18	2398
a	16	43	790
a	36	38	838
a	93	51	5762
a	97	48	6005
a	83	5	9189
a	49	6	468
a	25	45	1318
a	45	82	9713
a	31	3	8801
a	21	25	982
a	7	26	6195
a	68	4	4532
a	54	83	3286
a	1	69	8888
a	58	30	4205
a	20	86	7807
a	67	85	3091
a	87	14	6328
a	53	59	6908
a	57	56	1238
a	33	39	6928
a	90	48	2497
a	86	44	9500
a	62	5	4205
a	52	27	8375
a	8	65	4631
a	85	93	1718
a	32	71	6272
a	89	26	7040
a	71	94	686
a	75	27	8775
a	95	84	774
a	61	53	8697
a	17	55	9516
a	94	39	3459
a	13	3	5275
a	70	60	6076
a	50	8	6966
a	70	79	6634
a	40	14	4619
a	46	36	1504
a	73	74	6827
a	36	90	6987
a	97	92	2609
a	26	80	1558
a	83	33	407
a	12	35	529
a	69	30	5148
a	92	64	1113
a	55	76	9250
a	1	48	9705
a	58	67	3065
a	21	61	9294
a	78	6	3639
a	54	63	4708
a	30	52	5121
a	34	43	1330
a	6	77	4940
a	87	18	4127
a	91	87	410
a	57	84	1721
a	39	28	9557
a	43	89	9091
a	19	16	5113
a	5	45	1385
a	62	86	5379
a	86	72	5340
a	56	11	308
a	62	33	6931
a	18	59	9432
a	38	62	2879
a	95	59	6783
a	28	96	3592
a	14	55	4354
a	71	66	769
a	37	79	8256
a	61	89	7889
a	27	41	5100
a	17	19	6091
a	84	29	1156
a	50	93	5138
a	13	39	5317
a	70	24	9410
a	74	87	2113
a	40	91	2646
a	64	65	1854
a	26	5	3618
a	46	64	2953
a	69	97	7793
a	79	56	3459
a	55	35	6491
a	59	36	7261
a	49	78	5957
a	35	15	642
a	96	47	6214
a	82	14	2674
a	11	22	3421
a	21	81	4646
a	78	98	6769
a	44	86	283
a	7	98	3519
a	48	17	7364
a	54	27	5412
a	10	85	2354
a	34	79	7370
a	91	2	4849
a	6	41	7930
a	10	36	9515
a	43	52	9819
a	80	63	8320
a	19	44	3831
a	9	70	8273
a	86	84	8896
a	52	44	9162
a	15	88	7819
a	56	39	3481
a	14	96	422
a	18	31	6463
a	38	90	2865
a	99	88	46
a	8	25	1748
a	65	88	9271
a	28	68	5752
a	85	21	6078
a	89	82	717
a	14	19	8815
a	75	35	7003
a	61	12	5455
a	47	73	7397
a	37	99	7477
a	41	96	3047
a	27	53	7150
a	23	33	9351
a	64	62	384
a	84	49	437
a	13	75	6044
a	40	55	3448
a	3	77	1759
a	36	3	3991
a	26	25	6091
a	46	92	6704
a	49	25	3400
a	35	90	6396
a	59	64	7452
a	25	80	229
a	92	8	1270
a	7	49	9851
a	11	50	7340
a	68	33	7021
a	44	58	8835
a	7	70	7613
a	24	54	2432
a	20	34	2857
a	81	84	3340
a	53	38	1596
a	57	35	8722
a	100	71	2800
a	63	93	7919
a	29	93	2948
a	33	26	4693
a	53	87	456
a	80	27	3527
a	9	17	6425
a	56	84	7737
a	19	72	8480
a	28	57	2511
a	89	61	9603
a	4	50	3567
a	8	53	6560
a	85	41	287
a	27	96	7575
a	37	7	5158
a	94	72	6183
a	41	92	780
a	27	17	9415
a	13	30	8336
a	3	24	6093
a	60	95	2457
a	23	69	9056
a	64	26	181
a	84	85	8531
a	40	19	6223
a	93	50	3295
a	97	55	7942
a	12	56	9382
a	69	57	562
a	73	62	7545
a	49	5	9339
a	25	44	7680
a	45	81	1284
a	21	24	627
a	78	43	6275
a	68	5	7608
a	72	64	4190
a	44	30	5024
a	34	4	6406
a	87	9	1535
a	29	33	4399
a	9	13	4028
a	66	38	7917
a	86	45	762
a	15	99	4619
a	19	100	7124
a	76	83	463
a	42	79	5304
a	5	89	7746
a	62	10	472
a	99	3	2340
a	85	92	6994
a	14	88	8782
a	89	25	8785
a	41	47	1762
a	98	72	1019
a	61	52	4996
a	37	59	5944
a	94	36	7335
a	98	59	2606
a	74	48	5177
a	40	96	3895
a	50	9	2487
a	70	76	4471
a	40	15	1915
a	26	46	7930
a	46	37	9180
a	16	8	852
a	36	91	8789
a	97	83	2654
a	26	81	399
a	69	29	1137
a	49	33	9494
a	31	81	9569
a	55	79	8007
a	25	8	5492
a	1	55	7618
a	78	7	5688
a	54	60	888
a	44	2	5925
a	91	57	9722
a	77	70	2711
a	81	3	4165
a	67	48	7703
a	30	68	6706
a	91	86	4153
a	33	81	258
a	57	91	4031
a	80	84	6829
a	43	88	2921
a	100	31	3078
a	90	21	5962
a	9	41	7009
a	66	10	7473
a	56	12	1187
a	42	35	3735
a	62	38	106
a	18	56	4925
a	99	63	4751
a	28	97	1946
a	32	100	3980
a	14	52	5952
a	4	10	3797
a	51	49	2295
a	41	11	2573
a	61	88	6495
a	27	40	6549
a	13	38	2285
a	70	25	9382
a	74	84	4061
a	40	92	1200
a	3	80	4436
a	50	45	3268
a	97	14	7231
a	79	59	7298
a	83	60	4820
a	55	34	5585
a	49	77	636
a	92	37	8476
a	96	32	1381
a	82	15	5055
a	72	9	5373
a	1	19	7436
a	21	80	3498
a	78	99	1914
a	48	18	5961
a	68	93	7401
a	10	82	4561
a	30	17	5865
a	20	15	6946
a	6	46	7624
a	10	37	4972
a	57	6	6021
a	43	55	9560
a	63	56	2929
a	39	3	8430
a	15	42	9147
a	76	4	8678
a	86	85	653
a	42	7	2577
a	32	17	2104
a	14	97	430
a	89	32	9177
a	38	91	4726
a	95	30	1678
a	14	16	5302
a	71	33	7382
a	61	11	9195
a	27	52	7410
a	47	57	280
a	88	6	4277
a	23	32	9573
a	84	50	7214
a	70	5	871
a	3	76	8572
a	93	45	2756
a	97	42	9824
a	46	93	1555
a	12	21	4750
a	69	68	595
a	93	94	2041
a	79	31	6962
a	96	93	7782
a	82	96	52
a	31	41	7449
a	92	9	8877
a	7	48	4498
a	11	53	3519
a	72	37	8875
a	44	59	1316
a	48	62	5520
a	24	55	9795
a	81	58	2057
a	30	13	8951
a	20	35	958
a	6	10	3230
a	81	75	8044
a	67	8	1950
a	53	37	9943
a	57	34	4966
a	39	86	3454
a	43	19	1545
a	63	92	8918
a	29	92	8725
a	33	25	2593
a	53	86	8787
a	86	6	5673
a	15	14	8055
a	76	40	8080
a	28	58	7922
a	85	71	420
a	4	51	6895
a	8	54	6030
a	65	59	8474
a	71	5	8082
a	94	73	2844
a	41	67	3547
a	98	20	7956
a	27	16	776
a	60	88	6198
a	23	68	3095
a	84	86	7452
a	70	97	7191
a	36	32	8690
a	97	54	4606
a	79	66	8817
a	83	7	6571
a	45	63	7946
a	49	4	3893
a	82	68	1967
a	45	80	3238
a	31	13	8323
a	1	42	4357
a	21	39	344
a	78	40	3785
a	7	20	3818
a	68	6	235
a	72	65	8117
a	78	91	8455
a	81	38	5098
a	87	8	4006
a	77	50	7696
a	90	62	7547
a	5	55	4398
a	9	12	1131
a	86	34	3674
a	15	98	840
a	5	88	1872
a	62	11	7166
a	38	16	8585
a	32	89	6193
a	71	88	5122
a	4	23	8762
a	65	7	2033
a	27	79	1562
a	88	79	4668
a	37	58	8247
a	98	56	3468
a	74	49	6258
a	40	97	3604
a	50	6	6403
a	70	77	9592
a	46	42	1260
a	22	19	5886
a	79	38	5341
a	26	94	4652
a	49	32	3572
a	31	80	7992
a	92	66	7477
a	96	5	3576
a	25	15	7057
a	1	54	4727
a	54	61	844
a	58	48	4889
a	44	3	8084
a	34	41	6267
a	91	56	8433
a	77	69	5048
a	87	44	1626
a	80	85	7389
a	43	91	3211
a	100	24	8106
a	29	4	9754
a	90	18	9663
a	19	18	2057
a	5	43	5822
a	9	40	8789
a	52	74	6171
a	15	70	6533
a	56	13	4232
a	62	39	9061
a	4	100	7785
a	95	37	7215
a	18	72	1230
a	95	74	922
a	4	11	4132
a	51	48	5193
a	37	77	3688
a	61	87	4088
a	27	43	6835
a	74	85	7106
a	40	93	7375
a	3	83	5429
a	64	67	7143
a	26	3	5362
a	83	78	6559
a	73	100	2315
a	22	63	7573
a	79	58	469
a	83	63	8209
a	55	61	5270
a	45	7	414
a	35	49	8613
a	55	82	5137
a	96	33	3590
a	1	18	1161
a	21	95	8396
a	68	94	7898
a	54	25	7762
a	10	83	8936
a	30	22	4839
a	34	77	2343
a	20	8	889
a	57	5	636
a	43	54	6381
a	80	49	4805
a	43	71	3952
a	15	53	1318
a	5	15	9593
a	9	68	9868
a	52	46	4725
a	15	90	1170
a	56	41	3986
a	42	4	3267
a	89	39	2674
a	18	29	411
a	38	88	9337
a	4	88	5344
a	95	25	5694
a	85	19	9901
a	14	17	4510
a	75	37	9704
a	61	10	6042
a	47	75	9942
a	51	12	6581
a	94	82	6421
a	88	7	9299
a	23	35	2790
a	84	51	8998
a	13	73	1478
a	74	73	6152
a	40	57	7884
a	36	13	4674
a	93	44	2787
a	97	41	4418
a	16	81	1858
a	79	30	3835
a	49	31	3100
a	35	92	9407
a	59	66	3971
a	82	97	5903
a	31	40	8972
a	92	10	9613
a	21	2	6773
a	11	52	7291
a	68	35	413
a	72	38	8721
a	24	56	7129
a	34	81	540
a	77	13	6361
a	81	74	8882
a	63	95	4480
a	33	24	1251
a	53	85	6646
a	39	38	7470
a	80	29	1127
a	86	7	4373
a	56	86	741
a	76	41	2447
a	5	99	7115
a	9	96	5561
a	52	2	2673
a	85	70	5209
a	89	3	6031
a	14	66	9306
a	38	68	3372
a	4	60	3966
a	8	55	6429
a	85	55	9527
a	41	49	238
a	61	46	615
a	94	78	6710
a	13	28	2208
a	74	26	1527
a	60	89	6003
a	40	21	3363
a	46	15	282
a	73	83	3755
a	36	33	9327
a	93	48	5237
a	79	77	287
a	83	6	2151
a	69	39	5617
a	73	60	8375
a	45	62	6805
a	1	41	9534
a	68	7	4147
a	54	86	3563
a	78	88	8531
a	20	81	7891
a	6	100	7827
a	81	37	8
a	67	86	5093
a	87	11	6175
a	91	76	3379
a	77	49	1765
a	33	75	1616
a	53	56	4228
a	57	61	5924
a	29	63	8756
a	5	54	4116
a	9	51	1220
a	66	36	515
a	66	87	3216
a	99	5	6065
a	32	90	1642
a	89	31	973
a	71	91	9617
a	75	28	7698
a	4	16	188
a	95	81	3550
a	65	6	8576
a	41	45	8896
a	47	3	7197
a	17	52	1465
a	74	62	7238
a	40	98	4773
a	50	7	9390
a	70	66	9318
a	26	44	7174
a	12	79	2653
a	16	10	6037
a	36	69	564
a	93	20	1131
a	22	16	8413
a	26	95	6133
a	69	27	5023
a	82	41	731
a	58	78	3210
a	78	5	8928
a	54	50	1479
a	58	49	2459
a	34	38	2394
a	6	64	350
a	67	50	6940
a	30	74	2902
a	87	47	8800
a	63	6	3523
a	90	96	743
a	39	25	887
a	43	90	8274
a	100	25	1401
a	29	3	4607
a	90	19	9290
a	5	42	9721
a	42	33	5323
a	62	36	8972
a	8	96	4463
a	99	33	3410
a	28	99	1682
a	14	58	5564
a	75	56	8119
a	61	86	3767
a	27	42	822
a	47	39	7691
a	17	16	197
a	94	6	2847
a	23	30	9398
a	50	88	1624
a	74	82	6816
a	40	94	7212
a	64	68	203
a	50	43	5469
a	46	71	5942
a	22	60	3884
a	79	5	9457
a	55	60	7670
a	59	57	7508
a	49	67	5354
a	31	55	5143
a	72	11	5724
a	21	94	8805
a	44	81	5379
a	7	95	7861
a	48	20	7561
a	68	95	8951
a	87	66	5928
a	34	74	7129
a	91	7	8392
a	10	35	5731
a	67	46	6270
a	57	4	9872
a	43	41	8895
a	43	70	1712
a	19	49	9233
a	76	6	7577
a	32	19	1734
a	75	87	7466
a	8	28	7308
a	65	93	7395
a	85	18	8038
a	14	22	38
a	89	87	9512
a	75	36	9146
a	61	9	7044
a	51	15	1861
a	98	14	6054
a	47	59	5097
a	88	8	4012
a	3	33	6058
a	13	72	4755
a	40	58	5193
a	36	14	1354
a	26	100	3722
a	46	99	7568
a	69	66	3010
a	16	82	8065
a	79	25	1954
a	49	30	9797
a	35	95	3655
a	59	69	7879
a	7	50	943
a	72	39	7120
a	54	75	8165
a	58	6	1908
a	7	67	4994
a	81	56	8229
a	91	99	8838
a	20	45	3017
a	77	12	3065
a	6	8	4162
a	67	10	7234
a	57	32	7273
a	100	66	107
a	33	31	752
a	53	84	5631
a	39	33	1003
a	80	30	7065
a	9	22	2988
a	86	4	5377
a	52	3	620
a	28	52	8845
a	32	63	5468
a	89	2	6524
a	4	61	6440
a	85	54	4687
a	71	7	5916
a	41	48	7195
a	17	79	1722
a	37	4	2030
a	41	65	2664
a	74	27	4537
a	64	29	3929
a	84	80	2380
a	50	96	4825
a	40	22	9875
a	46	12	1265
a	93	15	2184
a	83	9	627
a	49	58	3709
a	59	97	6612
a	82	66	8853
a	45	78	9102
a	1	40	826
a	78	46	1716
a	7	22	4551
a	48	77	1543
a	72	67	2503
a	78	89	7739
a	67	89	6897
a	33	59	2968
a	5	53	2182
a	9	50	5258
a	86	32	4871
a	76	78	303
a	42	74	5055
a	62	9	7225
a	66	84	328
a	99	4	3027
a	32	91	8473
a	89	30	3355
a	71	90	9579
a	18	98	9433
a	75	31	2857
a	38	97	5731
a	4	17	9042
a	88	81	566
a	17	43	7625
a	94	43	8363
a	70	48	1872
a	50	4	8217
a	70	67	814
a	46	40	3917
a	12	72	8036
a	16	11	6489
a	93	19	2053
a	22	17	547
a	26	92	2847
a	69	26	9939
a	45	33	5125
a	31	82	2648
a	96	7	1024
a	25	13	1293
a	82	38	5947
a	72	16	6042
a	58	79	8016
a	21	57	6986
a	78	10	3618
a	54	51	6501
a	67	53	4708
a	87	46	2339
a	33	86	2754
a	53	27	6337
a	57	88	4279
a	39	24	5907
a	100	26	774
a	90	16	8158
a	5	41	3154
a	62	90	7647
a	9	46	3571
a	52	84	4410
a	56	15	6822
a	62	37	6944
a	95	39	3772
a	14	59	4501
a	41	8	1557
a	94	7	8686
a	50	89	86
a	70	28	504
a	40	95	2888
a	3	85	9056
a	60	2	1773
a	22	66	8346
a	83	80	6064
a	22	61	3073
a	79	4	7485
a	55	63	5328
a	59	56	1574
a	31	54	6901
a	35	51	4535
a	92	32	4721
a	1	16	3316
a	58	99	9907
a	21	93	1187
a	7	94	1682
a	48	21	9112
a	30	20	6792
a	87	93	8619
a	91	6	3872
a	57	11	1004
a	43	40	992
a	63	37	603
a	80	51	1878
a	19	48	3849
a	76	7	2077
a	5	13	7248
a	32	20	3153
a	75	86	642
a	8	29	6846
a	99	92	9391
a	65	92	6929
a	28	64	9394
a	89	86	1470
a	14	23	4718
a	75	39	4395
a	61	8	7563
a	3	32	5499
a	23	61	6770
a	64	50	6760
a	13	71	3181
a	40	59	2513
a	93	42	3413
a	97	47	6473
a	12	16	5463
a	16	83	9098
a	73	6	9542
a	93	91	1443
a	49	29	7721
a	35	94	7844
a	55	3	613
a	96	80	1231
a	59	68	2757
a	35	47	2601
a	72	40	49
a	54	72	6072
a	48	49	9776
a	24	58	7371
a	81	63	2066
a	91	98	8811
a	77	11	4243
a	6	9	6550
a	81	72	3639
a	53	34	2438
a	57	39	5276
a	39	83	4756
a	29	89	9514
a	80	31	7241
a	19	76	9199
a	42	87	445
a	62	18	2585
a	52	12	2301
a	28	53	2379
a	32	48	1061
a	14	64	2172
a	41	55	8475
a	61	44	7367
a	27	100	2839
a	17	78	6221
a	94	76	1145
a	41	64	3497
a	27	21	8980
a	13	26	3217
a	3	28	9319
a	60	91	4288
a	64	30	5887
a	84	81	4047
a	50	97	9899
a	70	100	2538
a	40	23	1833
a	46	13	3991
a	16	32	2590
a	73	81	863
a	36	35	1278
a	93	14	5039
a	97	75	9709
a	83	8	33
a	12	52	7478
a	69	37	3037
a	73	34	3787
a	49	57	1861
a	59	96	2879
a	82	67	4105
a	45	77	3985
a	31	14	8736
a	1	47	5195
a	21	36	2394
a	7	17	2818
a	48	78	2381
a	11	82	3010
a	72	68	1844
a	1	88	3132
a	78	94	1926
a	44	26	9921
a	20	83	7452
a	6	90	5491
a	67	88	9483
a	77	47	9628
a	33	73	5998
a	33	58	4531
a	5	52	8819
a	66	34	7578
a	86	33	3568
a	76	79	474
a	42	75	1379
a	5	69	1724
a	62	14	9879
a	66	85	1663
a	38	23	7381
a	99	7	8314
a	28	25	1539
a	32	92	1876
a	75	30	6896
a	95	83	6616
a	65	4	1615
a	37	86	7593
a	47	13	7283
a	88	82	7551
a	17	42	937
a	37	39	857
a	94	40	6657
a	98	55	4527
a	74	60	4157
a	50	5	7893
a	26	42	8345
a	46	41	5108
a	12	73	8062
a	73	77	6942
a	36	71	153
a	79	35	9606
a	31	93	8247
a	35	22	5057
a	55	75	9241
a	96	24	8341
a	82	39	2570
a	1	11	665
a	21	56	9591
a	78	11	540
a	54	48	9642
a	6	70	8522
a	10	13	6228
a	87	41	2366
a	33	85	7940
a	53	26	3104
a	57	95	8464
a	39	27	5749
a	43	92	3917
a	76	28	7811
a	62	91	5645
a	9	45	3595
a	66	6	8747
a	38	51	1468
a	8	98	2881
a	14	56	5562
a	71	57	9217
a	47	33	7869
a	17	22	2980
a	13	34	4455
a	70	29	7904
a	74	80	9935
a	3	84	4234
a	22	67	8730
a	97	2	4424
a	26	14	3969
a	79	7	7987
a	55	62	3759
a	31	49	5950
a	96	36	2876
a	58	96	4566
a	21	92	2196
a	44	83	206
a	7	89	6319
a	68	89	9111
a	87	92	7223
a	24	78	2119
a	67	16	5603
a	57	10	6957
a	90	66	1461
a	80	52	7258
a	15	54	3368
a	52	41	4340
a	56	44	6674
a	42	3	2984
a	32	21	3670
a	18	24	2204
a	75	73	3066
a	38	95	1283
a	95	26	8340
a	99	95	8242
a	8	30	5438
a	85	16	442
a	75	38	509
a	47	84	4634
a	17	97	229
a	94	81	6800
a	98	12	993
a	88	10	981
a	64	51	846
a	13	70	9596
a	60	39	6160
a	69	64	6113
a	16	84	175
a	79	27	8804
a	49	28	3568
a	35	65	4276
a	59	71	1015
a	25	91	2848
a	35	46	1908
a	21	15	7490
a	7	44	662
a	11	41	8120
a	68	46	679
a	72	41	3627
a	54	73	8418
a	81	62	8250
a	87	96	4306
a	77	10	3982
a	67	12	3171
a	100	76	1429
a	29	88	5735
a	33	29	9265
a	90	38	6897
a	9	20	4507
a	86	26	52
a	56	89	8843
a	19	79	3332
a	42	84	9071
a	5	96	1501
a	66	78	2423
a	32	49	8662
a	14	65	9991
a	4	63	9
a	8	58	8932
a	41	54	9067
a	17	77	709
a	37	2	3854
a	94	77	2121
a	41	71	9190
a	27	20	2913
a	74	25	2320
a	84	82	4814
a	50	30	4178
a	40	24	7540
a	46	18	3949
a	16	33	835
a	93	13	7012
a	22	11	3113
a	12	53	6229
a	69	36	8782
a	49	56	5903
a	45	76	748
a	21	35	4393
a	48	79	9486
a	11	85	2767
a	72	69	2012
a	54	85	2798
a	1	95	5722
a	78	95	8886
a	77	93	4355
a	81	26	2440
a	6	91	3194
a	10	22	3505
a	77	46	4071
a	57	66	7700
a	33	57	7175
a	90	58	448
a	5	51	7338
a	66	35	8970
a	62	15	6871
a	66	82	89
a	28	26	2925
a	14	93	9433
a	71	84	1064
a	65	27	2291
a	61	79	2210
a	51	73	1425
a	37	38	3185
a	98	52	4852
a	84	7	8472
a	13	61	7199
a	70	54	2979
a	23	100	5902
a	26	43	4696
a	12	74	9526
a	16	13	5730
a	73	76	6807
a	36	64	6220
a	93	17	2622
a	22	23	5265
a	97	86	788
a	26	90	8693
a	69	24	8545
a	59	30	8793
a	25	98	5032
a	49	36	945
a	31	92	2999
a	96	25	4432
a	72	18	6421
a	58	77	6776
a	78	8	7809
a	72	97	9302
a	58	60	2713
a	30	62	529
a	34	37	2997
a	91	60	4122
a	77	65	7464
a	30	73	2625
a	87	40	3210
a	63	3	3912
a	33	84	4111
a	53	25	7713
a	57	94	1393
a	80	73	875
a	100	4	4159
a	19	22	1584
a	76	29	4945
a	9	44	246
a	32	10	3855
a	38	48	5588
a	4	96	4786
a	71	56	2121
a	18	68	6726
a	51	52	2713
a	61	83	3621
a	47	32	8992
a	88	47	1360
a	94	5	1910
a	23	27	6229
a	13	33	7428
a	70	18	1667
a	40	65	4833
a	60	28	367
a	50	38	8627
a	36	100	7178
a	22	51	312
a	79	6	466
a	55	57	3457
a	59	58	6198
a	45	3	1008
a	49	64	9344
a	31	48	865
a	35	53	4122
a	92	34	9911
a	96	37	7641
a	54	98	8756
a	1	22	9181
a	21	91	3146
a	7	88	3330
a	48	23	5788
a	24	32	6662
a	10	95	401
a	30	26	8666
a	87	95	2295
a	34	73	2296
a	91	24	2391
a	24	79	7950
a	81	98	6590
a	6	35	6193
a	10	46	4531
a	67	19	3620
a	57	9	869
a	43	42	9737
a	63	39	7406
a	39	62	882
a	80	53	4613
a	5	11	866
a	9	72	4932
a	52	42	8412
a	32	22	7560
a	89	43	6520
a	18	25	9176
a	38	92	4386
a	4	68	6950
a	99	94	4526
a	85	31	9645
a	71	28	6620
a	47	87	6289
a	17	96	8323
a	94	86	7183
a	88	11	6437
a	23	63	9694
a	13	69	1765
a	40	61	9228
a	36	9	8917
a	97	45	4876
a	26	99	9012
a	12	18	130
a	69	79	7205
a	73	4	463
a	49	19	7704
a	35	64	8334
a	55	29	5590
a	96	82	133
a	82	93	3691
a	21	14	4568
a	7	47	7154
a	44	48	6195
a	48	51	450
a	24	60	4877
a	87	99	6389
a	91	100	2516
a	20	40	3221
a	77	9	9073
a	6	15	5791
a	81	78	262
a	53	32	4417
a	57	37	3637
a	100	77	9535
a	90	39	1953
a	53	81	821
a	86	27	7566
a	15	21	6184
a	19	78	4541
a	76	37	9518
a	62	16	7516
a	9	100	9811
a	52	14	241
a	28	55	1582
a	85	66	3945
a	14	70	241
a	4	56	2433
a	8	59	7087
a	65	62	1611
a	61	42	5371
a	17	76	3623
a	41	70	3544
a	98	17	7919
a	74	6	4550
a	3	30	8549
a	60	85	5732
a	23	67	7388
a	64	16	1492
a	84	83	7561
a	50	31	5128
a	70	90	2661
a	46	19	323
a	73	87	1890
a	36	45	6590
a	22	8	6251
a	26	71	8095
a	83	10	5888
a	12	54	9791
a	69	35	2515
a	73	32	4558
a	55	97	8266
a	25	54	3460
a	82	65	4845
a	45	75	6049
a	31	8	1009
a	1	45	4539
a	21	34	3007
a	7	19	4921
a	48	64	8767
a	72	70	5989
a	54	42	5202
a	77	92	5565
a	81	25	2645
a	6	88	6402
a	10	23	466
a	67	90	9547
a	30	82	8312
a	87	7	5733
a	100	97	5160
a	29	59	9320
a	33	56	1290
a	90	59	5435
a	5	50	9946
a	9	55	8041
a	66	32	1393
a	86	39	8887
a	8	72	3941
a	14	34	1377
a	75	16	9456
a	4	28	7076
a	37	84	9164
a	47	15	6084
a	17	40	7571
a	94	46	1422
a	98	53	649
a	74	58	248
a	26	40	6546
a	46	47	9084
a	12	75	1601
a	36	65	2892
a	93	16	2821
a	22	20	2676
a	97	85	446
a	26	91	6342
a	25	97	693
a	31	95	8562
a	92	95	4074
a	72	19	8833
a	1	9	7023
a	58	74	3007
a	10	11	9579
a	30	78	7451
a	87	43	3774
a	63	2	3706
a	53	24	5054
a	57	93	2397
a	80	74	9534
a	62	89	4359
a	9	83	5235
a	66	4	200
a	56	18	7763
a	62	40	9909
a	32	11	1735
a	38	49	6502
a	8	100	1306
a	99	37	3675
a	14	62	9136
a	71	59	7983
a	18	69	4092
a	51	55	6748
a	37	72	9225
a	41	13	3409
a	47	35	4993
a	17	20	2597
a	50	84	2917
a	13	32	454
a	74	94	1351
a	40	66	9984
a	3	86	1847
a	60	29	4564
a	50	39	5211
a	36	22	1183
a	22	48	4744
a	55	56	9873
a	59	61	1904
a	96	38	4420
a	11	15	1579
a	72	15	8283
a	54	99	1676
a	21	90	8719
a	7	91	7824
a	68	91	4584
a	54	18	763
a	10	92	8019
a	87	94	6593
a	91	27	4738
a	24	80	6255
a	10	47	494
a	67	18	753
a	39	57	5035
a	15	48	8483
a	19	53	8217
a	76	2	1126
a	9	79	4460
a	32	23	8169
a	89	42	7812
a	95	4	8897
a	99	65	3894
a	65	81	1315
a	14	26	7544
a	89	91	2510
a	51	19	6413
a	88	12	8090
a	23	62	4716
a	84	56	5523
a	40	62	7553
a	36	10	1855
a	12	19	7010
a	69	78	2127
a	16	86	1067
a	35	67	3017
a	59	89	2239
a	25	89	3618
a	82	90	1648
a	49	99	6733
a	92	7	9283
a	7	46	8412
a	11	43	8439
a	68	40	8904
a	54	79	5953
a	58	2	6946
a	44	49	9323
a	24	61	9425
a	87	98	8888
a	20	41	5044
a	81	77	8990
a	67	14	3481
a	57	36	404
a	39	76	4713
a	43	9	8159
a	100	78	3918
a	63	90	4314
a	53	80	9308
a	80	18	2999
a	9	26	2739
a	86	24	6559
a	56	91	2693
a	19	81	8547
a	42	82	1763
a	28	48	902
a	85	65	1131
a	32	51	7701
a	14	71	8048
a	8	60	9855
a	65	61	7915
a	85	50	660
a	41	52	5321
a	17	67	3175
a	41	69	3208
a	13	23	9375
a	60	86	3873
a	64	17	6408
a	46	16	6693
a	16	35	3564
a	36	46	9281
a	93	11	486
a	22	9	8588
a	97	72	107
a	26	68	9615
a	83	13	7940
a	12	55	8996
a	73	39	6887
a	49	62	2990
a	55	96	6411
a	25	53	2418
a	82	62	1350
a	21	33	3664
a	7	18	4082
a	11	87	2285
a	68	12	4725
a	78	93	6310
a	44	21	2625
a	34	31	3463
a	20	94	2681
a	77	91	7619
a	24	25	3210
a	81	24	6539
a	10	20	9179
a	30	83	1055
a	87	6	234
a	57	64	3652
a	100	98	4928
a	29	58	3783
a	90	56	2175
a	5	49	8560
a	66	33	5070
a	86	36	9573
a	76	74	7025
a	5	66	5968
a	62	13	5673
a	32	95	9291
a	71	86	8426
a	4	29	7968
a	41	16	1802
a	61	77	1028
a	27	69	4001
a	88	85	8967
a	17	47	8667
a	37	36	4702
a	46	44	7372
a	16	15	3129
a	97	84	3089
a	79	44	5303
a	26	88	4863
a	69	6	2085
a	59	16	2166
a	25	96	3036
a	49	90	1002
a	35	27	7037
a	55	68	8923
a	96	27	7536
a	25	17	1466
a	82	34	7477
a	58	75	6208
a	78	14	1145
a	72	99	8878
a	6	69	2885
a	67	57	5287
a	87	42	9354
a	63	13	9969
a	39	20	3808
a	80	75	4004
a	43	81	9888
a	29	30	3567
a	90	28	936
a	76	31	6911
a	15	76	7132
a	32	12	7217
a	38	54	8756
a	4	98	3670
a	95	35	3901
a	99	36	9827
a	14	63	945
a	71	58	4690
a	18	66	616
a	51	54	5069
a	41	12	5375
a	27	33	9511
a	47	34	2275
a	88	49	7420
a	17	11	2085
a	94	11	5699
a	64	42	8043
a	50	85	3186
a	13	95	2015
a	70	16	9033
a	74	95	671
a	64	89	304
a	97	7	10
a	22	70	1992
a	26	13	2970
a	46	72	9845
a	22	49	4183
a	96	72	9154
a	59	60	3880
a	49	70	8500
a	31	50	3412
a	35	55	7795
a	92	60	6987
a	96	39	7462
a	82	6	6944
a	54	96	3466
a	21	89	8087
a	44	78	4460
a	54	19	6638
a	10	93	6065
a	34	71	5106
a	91	26	7960
a	24	81	6825
a	6	33	4470
a	57	15	1173
a	43	44	8800
a	90	65	5366
a	80	55	6112
a	100	58	181
a	15	51	8233
a	56	64	2748
a	9	78	1435
a	56	47	723
a	42	14	2104
a	32	40	3271
a	89	41	5936
a	38	82	1820
a	95	7	1462
a	4	70	2138
a	99	64	3194
a	65	80	6570
a	28	92	3760
a	85	29	8326
a	61	4	5864
a	47	81	1072
a	88	13	7538
a	3	36	1982
a	23	57	8939
a	64	54	9157
a	84	57	351
a	40	63	3468
a	16	56	634
a	36	11	5598
a	97	35	3282
a	26	97	5685
a	46	100	9233
a	69	77	2147
a	16	87	9934
a	49	17	4702
a	35	66	939
a	96	84	7701
a	59	88	5188
a	25	88	6603
a	82	91	9462
a	49	98	2857
a	31	22	333
a	21	12	7649
a	7	41	2357
a	68	41	6772
a	72	44	3357
a	54	76	8029
a	78	70	7373
a	44	50	2770
a	81	51	2072
a	20	42	7151
a	81	76	3870
a	6	13	6608
a	53	46	7033
a	57	43	533
a	43	8	9351
a	63	69	2521
a	29	85	5978
a	33	18	8288
a	53	95	5104
a	80	19	2960
a	86	25	3625
a	15	23	3882
a	56	92	683
a	76	39	8794
a	42	83	9789
a	62	22	3557
a	66	77	3907
a	52	8	4336
a	28	49	3484
a	85	64	6309
a	89	5	2689
a	14	68	1562
a	4	58	821
a	65	60	3135
a	85	49	1332
a	71	2	8110
a	41	59	115
a	17	66	4162
a	37	15	75
a	94	48	6362
a	41	68	8525
a	98	47	7865
a	13	22	6674
a	74	4	8941
a	60	87	7323
a	23	93	8229
a	50	29	6086
a	70	88	4895
a	73	85	1459
a	93	10	1327
a	22	14	9262
a	97	79	5511
a	26	69	6704
a	73	38	8793
a	82	63	7359
a	45	73	377
a	31	10	7868
a	78	51	2277
a	11	86	3677
a	68	13	8595
a	54	40	1240
a	34	28	8085
a	24	26	7078
a	67	92	3132
a	77	43	3752
a	53	2	8446
a	57	71	2499
a	29	57	2080
a	90	57	5645
a	5	48	6963
a	42	55	746
a	5	65	3036
a	62	50	3039
a	38	11	5284
a	28	21	9842
a	32	80	5649
a	14	32	689
a	18	95	851
a	65	24	2515
a	37	82	9646
a	98	64	5057
a	47	9	4317
a	51	74	9416
a	98	51	5131
a	84	2	1149
a	13	58	1521
a	74	56	4836
a	70	68	2511
a	26	54	148
a	36	67	2712
a	22	42	1439
a	79	47	2127
a	26	89	4053
a	83	40	6736
a	69	5	1626
a	59	19	6993
a	45	28	5844
a	31	89	5606
a	35	26	7771
a	55	71	5288
a	58	72	8339
a	54	52	6009
a	30	61	233
a	34	32	4474
a	91	49	4673
a	30	76	7800
a	63	12	8996
a	39	23	8238
a	80	76	2047
a	90	29	6454
a	19	27	8199
a	76	24	3400
a	62	95	2023
a	9	81	8464
a	66	2	666
a	86	65	2786
a	15	79	2185
a	56	20	4417
a	42	43	7851
a	38	55	7498
a	4	99	4474
a	99	39	5736
a	14	60	642
a	71	53	7485
a	98	100	9901
a	61	80	8555
a	27	32	9213
a	47	45	8116
a	88	50	6211
a	17	10	8612
a	94	8	8540
a	23	20	701
a	64	43	380
a	84	38	4422
a	13	94	6937
a	3	88	889
a	60	31	8021
a	64	90	4558
a	50	37	5312
a	97	6	7794
a	22	71	7637
a	83	87	7686
a	22	54	6749
a	79	3	627
a	96	73	341
a	59	63	882
a	31	61	9989
a	35	54	6056
a	82	7	7501
a	54	97	2944
a	21	88	6363
a	7	85	8415
a	68	69	4780
a	24	35	8263
a	10	90	1024
a	30	25	2997
a	100	84	251
a	90	78	1468
a	39	59	3043
a	56	65	5321
a	76	60	9026
a	5	8	2027
a	9	77	3955
a	52	53	9623
a	42	15	2094
a	28	46	4105
a	32	41	447
a	89	40	6971
a	75	77	7631
a	95	6	6606
a	8	2	379
a	99	67	4715
a	65	87	140
a	85	28	5341
a	14	24	7175
a	71	25	7261
a	61	3	6364
a	47	80	2426
a	51	21	9910
a	98	8	7842
a	3	39	5921
a	23	56	7389
a	84	58	3600
a	40	32	2692
a	60	35	4220
a	36	52	4486
a	93	37	3070
a	69	76	4647
a	93	86	1496
a	49	16	9768
a	35	69	9991
a	55	30	8288
a	59	91	2354
a	25	95	4663
a	82	88	729
a	45	100	3653
a	49	97	9874
a	21	11	6336
a	7	40	6831
a	11	45	6141
a	44	51	5815
a	48	54	3519
a	24	63	616
a	81	50	2750
a	67	99	695
a	20	43	1228
a	81	67	9176
a	6	2	2416
a	57	42	4365
a	63	68	5273
a	80	20	3938
a	9	24	4145
a	56	93	3961
a	62	23	9096
a	66	74	2309
a	85	79	3725
a	65	51	8424
a	41	58	2121
a	61	39	1757
a	37	14	873
a	23	92	927
a	64	19	4920
a	70	89	278
a	40	28	5850
a	16	37	9110
a	73	84	4169
a	93	9	7143
a	22	15	8693
a	97	78	9412
a	83	15	4348
a	12	49	971
a	45	55	4388
a	49	60	144
a	31	100	9603
a	82	60	2228
a	45	72	8052
a	78	48	2920
a	11	73	7318
a	68	14	8445
a	72	73	1743
a	54	41	1431
a	1	83	4265
a	58	36	8628
a	34	29	9081
a	20	88	5499
a	77	89	8353
a	24	27	6958
a	81	30	844
a	67	95	7009
a	91	69	3617
a	33	76	8377
a	66	63	2521
a	76	68	2233
a	42	52	507
a	62	51	5206
a	8	75	5209
a	89	96	1991
a	71	80	2834
a	37	81	3143
a	98	65	7512
a	61	75	4968
a	27	71	4265
a	47	8	7479
a	88	87	6768
a	51	77	4441
a	17	45	4773
a	94	45	2234
a	98	48	1436
a	84	3	4695
a	13	57	5676
a	70	42	1056
a	74	57	164
a	23	96	610
a	50	62	150
a	70	69	5426
a	12	70	4802
a	22	43	4341
a	79	46	2775
a	83	43	7798
a	69	4	8699
a	59	18	5122
a	45	27	8019
a	49	88	6686
a	35	29	6354
a	92	90	10
a	55	70	8149
a	96	29	5339
a	68	98	7863
a	54	53	9299
a	30	34	8303
a	91	48	8485
a	6	59	8217
a	67	59	2487
a	87	36	5946
a	63	15	415
a	57	98	6465
a	39	22	6743
a	43	83	4938
a	29	28	7293
a	90	26	5329
a	19	26	5626
a	76	25	3903
a	5	19	526
a	62	92	2193
a	9	80	247
a	86	70	353
a	56	21	4811
a	42	40	9497
a	32	14	5348
a	38	52	4029
a	95	45	2188
a	14	61	5095
a	71	52	5903
a	18	64	5826
a	75	49	7515
a	51	56	4677
a	27	35	6597
a	17	9	2299
a	50	83	5766
a	13	93	7144
a	70	22	6991
a	3	91	2263
a	60	24	1609
a	64	91	6124
a	36	17	7056
a	97	5	3557
a	83	86	8920
a	46	78	192
a	96	74	5872
a	25	66	148
a	49	68	9842
a	35	57	5924
a	96	57	3956
a	72	50	6976
a	7	84	5347
a	68	70	3314
a	10	91	5098
a	91	28	5074
a	20	16	7433
a	77	97	3308
a	24	83	5282
a	57	13	1984
a	39	58	574
a	9	76	8405
a	86	98	9712
a	56	49	930
a	28	47	3848
a	38	80	3462
a	99	66	1719
a	89	88	4971
a	71	24	1841
a	61	2	3019
a	51	20	5605
a	17	100	1045
a	94	90	7726
a	88	15	9048
a	60	77	6180
a	64	8	9222
a	40	33	8309
a	36	53	5311
a	93	36	2813
a	97	33	5880
a	69	75	6374
a	16	73	501
a	93	85	5052
a	49	23	8343
a	35	68	6099
a	55	25	435
a	96	86	9182
a	59	90	7155
a	82	89	7085
a	45	99	5503
a	11	44	8079
a	78	68	2030
a	81	49	7264
a	67	98	7417
a	77	5	7424
a	6	3	5510
a	43	10	7239
a	100	73	3069
a	29	83	5117
a	33	16	5021
a	53	93	3309
a	80	21	9777
a	86	31	4872
a	15	17	9387
a	76	33	8176
a	42	81	7629
a	62	20	8674
a	52	10	4443
a	99	17	4376
a	85	78	6291
a	4	36	7242
a	85	63	2162
a	61	38	7424
a	17	64	4540
a	94	54	7344
a	41	74	9412
a	98	45	7584
a	74	2	3447
a	3	2	6681
a	84	95	3317
a	70	94	6864
a	46	23	5193
a	16	38	672
a	36	41	2923
a	93	8	9234
a	22	12	8669
a	26	67	2006
a	12	50	1483
a	69	47	871
a	59	9	1925
a	25	58	3537
a	82	61	8655
a	45	71	2300
a	1	33	4623
a	21	46	2124
a	48	68	5783
a	11	72	4575
a	54	46	7813
a	1	82	2113
a	44	16	6605
a	34	26	5558
a	20	89	751
a	6	92	1895
a	67	94	2967
a	30	86	4596
a	87	3	9011
a	91	68	2045
a	33	67	2665
a	57	69	2652
a	33	60	4077
a	5	62	9490
a	9	59	9062
a	42	53	9783
a	62	48	2048
a	38	9	8289
a	14	38	8181
a	71	83	989
a	18	93	9964
a	75	20	4514
a	4	24	2994
a	95	89	6157
a	98	94	3440
a	61	74	9462
a	51	76	5237
a	94	18	2890
a	98	49	2965
a	70	43	8264
a	50	63	4365
a	26	52	3933
a	36	77	3352
a	22	40	6186
a	79	41	2401
a	83	42	8291
a	49	95	5788
a	55	65	4575
a	72	23	7694
a	1	13	293
a	21	66	7550
a	48	96	2081
a	68	99	7154
a	54	10	4984
a	30	35	6703
a	91	51	6245
a	6	56	4469
a	10	55	1018
a	67	58	2898
a	87	39	4211
a	63	14	7165
a	57	97	8765
a	39	17	2176
a	43	82	9080
a	29	27	5757
a	19	29	5055
a	76	26	2808
a	52	83	6387
a	56	22	3535
a	62	44	7174
a	32	15	4012
a	38	53	2188
a	95	44	1384
a	99	41	412
a	85	6	975
a	75	48	2025
a	51	59	7765
a	88	52	7015
a	17	8	7503
a	94	14	6232
a	23	22	5566
a	64	45	2942
a	70	23	5847
a	3	90	5487
a	60	25	6711
a	22	69	956
a	26	8	2560
a	83	89	4047
a	46	79	6315
a	69	86	8305
a	79	13	9791
a	55	52	9332
a	96	75	988
a	59	49	292
a	31	63	3565
a	35	56	6800
a	92	63	2101
a	96	58	2961
a	82	5	8287
a	68	48	6232
a	72	51	7733
a	44	73	4751
a	48	12	5636
a	54	22	2609
a	24	37	361
a	34	66	6184
a	20	17	6156
a	77	96	6663
a	24	84	1931
a	57	12	959
a	100	86	5649
a	63	34	6965
a	29	78	5095
a	90	76	8811
a	80	42	4165
a	15	60	9765
a	56	67	2524
a	76	62	9643
a	86	99	4513
a	56	50	7506
a	42	13	4090
a	32	43	6551
a	89	46	8085
a	4	65	64
a	99	69	7688
a	8	4	1864
a	85	26	2202
a	89	95	7003
a	47	82	102
a	88	97	3097
a	17	91	9466
a	98	6	1016
a	88	16	3192
a	60	78	2871
a	64	9	3414
a	40	34	1526
a	12	15	8636
a	16	74	4994
a	73	15	4428
a	93	84	5914
a	35	71	1659
a	55	24	8452
a	96	87	4534
a	59	93	3089
a	25	93	3117
a	82	86	6921
a	45	98	6002
a	21	9	3006
a	7	42	7528
a	48	89	4793
a	11	47	4654
a	72	47	8350
a	54	67	5446
a	58	14	8016
a	48	40	3715
a	20	70	9645
a	81	65	701
a	43	13	8711
a	63	70	3243
a	29	82	2345
a	33	23	7967
a	80	22	2068
a	52	100	5397
a	15	16	692
a	99	16	2642
a	85	77	3732
a	32	55	2704
a	95	100	6515
a	99	97	6997
a	8	32	9154
a	65	49	8993
a	85	62	4214
a	41	56	488
a	17	71	1686
a	13	19	375
a	60	82	192
a	64	21	3699
a	50	24	3573
a	13	100	6469
a	70	95	9125
a	46	20	9529
a	16	39	9701
a	36	42	3363
a	93	7	6713
a	69	46	9828
a	73	43	7341
a	59	8	5842
a	45	53	3873
a	49	50	1271
a	35	99	936
a	82	58	1175
a	45	70	6549
a	1	32	8090
a	21	45	3547
a	78	54	3922
a	48	69	3965
a	68	8	1869
a	54	47	855
a	58	34	6509
a	44	17	7465
a	34	27	704
a	20	90	8975
a	77	87	6609
a	24	29	6089
a	81	28	1115
a	67	65	2790
a	91	71	1647
a	63	21	1802
a	29	54	1980
a	33	51	5227
a	90	4	5259
a	5	61	6479
a	86	56	8435
a	5	78	4862
a	85	97	518
a	32	83	5990
a	14	39	5792
a	75	23	2762
a	95	88	8426
a	98	95	9558
a	61	73	9240
a	88	89	6460
a	37	32	3897
a	94	19	8266
a	23	13	9542
a	84	13	9449
a	70	40	3747
a	74	39	8285
a	50	60	7991
a	16	3	6488
a	22	41	2949
a	83	45	2017
a	25	100	3283
a	31	90	2096
a	35	31	2613
a	55	64	4958
a	25	21	1276
a	82	30	6565
a	72	24	9416
a	1	12	7193
a	58	87	2609
a	78	18	7645
a	48	97	8634
a	91	50	6900
a	6	57	7288
a	67	61	326
a	87	38	2896
a	57	96	3442
a	76	27	6513
a	5	17	5586
a	62	66	1745
a	9	86	5734
a	52	92	9567
a	15	72	2424
a	56	23	730
a	42	22	4570
a	38	42	2335
a	85	5	594
a	89	66	3831
a	71	54	8191
a	51	58	8620
a	98	99	1859
a	27	37	2245
a	47	46	9564
a	88	53	6349
a	17	15	3851
a	94	15	3515
a	23	17	1670
a	64	46	5834
a	74	91	5480
a	3	93	425
a	60	26	1344
a	36	19	441
a	22	90	886
a	26	9	9177
a	12	100	9887
a	69	85	345
a	73	18	6423
a	36	98	1364
a	22	53	965
a	31	62	7874
a	35	59	3156
a	96	59	7795
a	82	2	5056
a	72	52	9275
a	44	74	7188
a	7	86	4883
a	48	13	8146
a	68	64	3683
a	54	23	7003
a	24	38	6824
a	10	89	9214
a	30	28	2464
a	20	18	6599
a	24	85	2549
a	81	100	7920
a	6	37	955
a	67	25	6912
a	100	87	5993
a	29	77	8142
a	33	10	2051
a	90	77	6038
a	39	52	1437
a	80	43	1444
a	100	38	3627
a	86	96	2823
a	52	48	2972
a	56	51	9872
a	32	44	2764
a	89	45	1269
a	75	78	6729
a	95	3	7141
a	99	68	1936
a	65	84	4143
a	28	88	9434
a	17	90	2605
a	98	7	5543
a	60	79	8682
a	84	69	9473
a	40	35	2172
a	60	62	5108
a	16	60	4705
a	93	34	700
a	69	73	950
a	16	75	4052
a	35	70	8512
a	59	92	5393
a	25	92	6781
a	31	18	1041
a	21	8	494
a	7	37	1645
a	48	90	297
a	68	21	2273
a	72	80	4340
a	54	64	2499
a	78	74	770
a	44	46	6322
a	48	41	9334
a	20	71	5116
a	24	2	5031
a	81	55	5794
a	67	100	7096
a	57	47	3809
a	43	12	2443
a	63	65	4334
a	90	33	4105
a	53	91	241
a	80	23	4831
a	9	29	5796
a	15	19	9639
a	76	35	4590
a	62	26	8464
a	66	73	2606
a	8	82	1504
a	28	13	3117
a	85	76	5180
a	32	72	3772
a	99	96	2186
a	85	61	4988
a	61	36	7976
a	17	70	9925
a	94	52	7386
a	41	72	3720
a	98	43	6538
a	3	4	9318
a	60	83	7560
a	64	22	6121
a	84	89	4416
a	50	25	8590
a	13	99	9570
a	70	92	4299
a	12	93	5609
a	16	24	5509
a	73	89	709
a	93	6	2318
a	22	2	782
a	83	16	6918
a	12	44	5473
a	73	42	7541
a	59	11	494
a	35	98	1673
a	1	39	3866
a	21	44	4319
a	78	55	833
a	7	9	2185
a	48	70	6248
a	11	74	8257
a	72	76	6750
a	54	44	9548
a	1	80	7013
a	34	24	2102
a	77	86	4466
a	24	30	2162
a	81	19	4841
a	6	82	8473
a	30	84	1287
a	33	65	4497
a	53	14	1626
a	57	75	6326
a	29	53	9349
a	33	50	1290
a	90	5	6939
a	5	60	2749
a	9	57	3811
a	66	58	2596
a	86	57	1180
a	76	71	2500
a	42	51	7670
a	5	77	832
a	99	15	7710
a	65	99	2255
a	28	17	8071
a	85	96	5404
a	71	77	1002
a	75	22	4880
a	4	26	8576
a	47	21	5418
a	51	78	6244
a	17	34	8082
a	37	47	8825
a	94	16	4699
a	84	14	7728
a	74	36	2397
a	3	96	364
a	50	61	2990
a	26	50	1876
a	12	65	9792
a	16	4	2284
a	22	46	7368
a	79	43	2920
a	83	44	6645
a	59	23	6646
a	45	24	3394
a	49	93	7103
a	31	69	9924
a	92	85	6678
a	72	25	4632
a	78	19	4195
a	54	8	7382
a	34	60	7640
a	91	53	9273
a	10	53	5186
a	39	19	4246
a	80	64	7709
a	90	25	3012
a	19	31	4175
a	5	16	9342
a	62	67	2300
a	52	93	8542
a	15	75	5529
a	42	23	806
a	38	43	8270
a	99	43	261
a	65	79	3604
a	85	4	7109
a	89	65	8891
a	71	49	6355
a	75	50	5197
a	47	41	1514
a	88	54	6881
a	94	12	7123
a	23	16	576
a	84	34	2030
a	50	78	4908
a	70	21	1062
a	74	88	2106
a	40	72	8847
a	3	92	9859
a	64	94	872
a	50	33	4361
a	22	91	5930
a	26	22	9455
a	83	91	519
a	69	84	7165
a	36	99	2823
a	93	78	3383
a	55	54	6319
a	59	51	7056
a	11	5	7824
a	68	50	4608
a	44	75	4918
a	48	14	4062
a	68	65	5242
a	24	39	190
a	10	70	2776
a	34	64	3230
a	20	19	422
a	81	91	1847
a	6	26	6619
a	10	41	2835
a	57	18	411
a	43	35	7482
a	33	9	8961
a	90	74	6983
a	39	55	4510
a	100	39	3191
a	15	62	4798
a	19	59	1045
a	66	98	1997
a	56	52	4552
a	42	11	8811
a	75	65	3511
a	38	87	3052
a	99	71	2848
a	8	6	772
a	89	93	4951
a	61	31	8827
a	88	99	8490
a	17	89	3971
a	37	22	2405
a	94	89	6029
a	41	83	229
a	3	43	8653
a	60	72	2423
a	16	61	5390
a	36	48	9639
a	97	38	2876
a	12	9	9394
a	69	72	8785
a	73	13	2941
a	35	73	2411
a	59	95	8239
a	25	35	956
a	82	84	9260
a	92	29	9039
a	11	33	3096
a	48	42	371
a	34	100	2180
a	20	55	9188
a	57	46	9415
a	63	64	1920
a	33	21	6364
a	90	46	6717
a	86	18	2496
a	15	18	9944
a	42	92	7785
a	62	27	8829
a	66	70	7880
a	52	21	2721
a	99	18	9216
a	28	14	2864
a	4	39	5878
a	65	55	2186
a	37	10	4288
a	94	53	4698
a	41	79	5207
a	98	40	6343
a	13	17	8260
a	3	7	7126
a	23	88	4520
a	64	23	9236
a	50	22	1955
a	70	93	8149
a	93	5	7497
a	97	66	605
a	22	3	9105
a	26	78	467
a	83	19	1303
a	12	45	9231
a	69	44	1399
a	59	10	2015
a	49	48	2319
a	31	96	1871
a	82	56	740
a	45	68	9129
a	1	38	4009
a	7	8	5665
a	48	71	8494
a	11	77	3766
a	68	10	7911
a	54	45	3126
a	1	87	2895
a	58	32	1
a	44	19	6258
a	91	40	7475
a	20	100	8212
a	77	85	1397
a	81	18	4858
a	10	30	9330
a	30	85	6149
a	87	28	8857
a	33	64	7692
a	53	13	600
a	29	52	646
a	33	49	6262
a	90	2	6199
a	5	59	1836
a	66	59	7784
a	86	62	2666
a	76	64	2150
a	5	76	8091
a	38	12	2507
a	99	14	3263
a	8	79	4328
a	14	37	7982
a	71	76	7303
a	95	90	8983
a	4	27	4870
a	65	19	5618
a	37	93	8198
a	61	71	2200
a	47	20	7568
a	88	91	4502
a	37	46	4108
a	23	15	785
a	3	99	2773
a	36	72	4254
a	79	42	6080
a	45	23	2097
a	49	92	6181
a	92	86	6274
a	55	66	6471
a	25	27	4026
a	82	28	3209
a	11	24	9971
a	72	26	4341
a	58	85	9172
a	21	79	7966
a	78	16	9756
a	48	99	1688
a	30	38	3576
a	87	32	1516
a	63	11	9000
a	53	97	5104
a	43	87	5074
a	100	12	2704
a	29	24	8678
a	15	37	146
a	19	30	2969
a	76	21	7275
a	5	31	448
a	9	84	931
a	52	94	2161
a	56	25	1352
a	76	100	5332
a	18	45	2811
a	38	40	2938
a	95	41	5595
a	99	42	6829
a	85	3	3702
a	89	64	8074
a	71	48	479
a	94	98	2961
a	27	39	2438
a	88	55	4425
a	23	19	1568
a	84	35	3371
a	13	89	4695
a	70	10	6842
a	40	73	6209
a	3	95	8213
a	60	20	4998
a	97	25	776
a	83	90	1842
a	46	82	3791
a	79	14	16
a	55	49	6216
a	59	50	3802
a	25	70	7303
a	31	56	5654
a	96	61	4240
a	11	4	3935
a	68	51	4263
a	72	54	2018
a	48	15	3934
a	68	66	6083
a	54	21	6281
a	24	40	2605
a	20	28	5852
a	81	90	1836
a	67	27	6423
a	57	17	6768
a	63	47	2474
a	29	75	743
a	90	75	6755
a	53	69	7101
a	39	54	3995
a	15	57	841
a	19	58	2532
a	76	57	2296
a	66	99	4976
a	52	50	382
a	56	53	7143
a	42	8	1827
a	32	46	2032
a	75	64	5894
a	38	84	5479
a	99	70	2254
a	28	90	7921
a	85	39	8309
a	89	92	7408
a	61	30	7649
a	88	100	8457
a	17	88	72
a	41	82	5477
a	98	5	2075
a	27	3	6202
a	88	19	3498
a	3	42	4931
a	23	55	5097
a	60	56	8696
a	16	62	7684
a	36	49	1421
a	97	37	1530
a	22	100	6113
a	69	55	188
a	16	77	840
a	93	81	9630
a	35	72	5316
a	59	94	3511
a	21	22	2358
a	7	39	9342
a	48	92	745
a	68	23	3865
a	72	82	4985
a	54	70	7810
a	1	74	6294
a	58	13	7935
a	48	43	3647
a	20	65	940
a	81	53	9639
a	20	48	2263
a	6	7	3612
a	53	40	6233
a	57	45	8736
a	43	14	7066
a	29	47	8231
a	90	47	2047
a	53	89	8164
a	80	9	867
a	9	3	5098
a	86	19	6775
a	76	93	4081
a	42	93	9806
a	99	21	7249
a	8	84	6896
a	32	74	6850
a	14	78	9138
a	4	32	8086
a	8	35	6446
a	85	59	7226
a	41	61	2131
a	61	34	7608
a	88	64	6371
a	94	58	7293
a	13	16	5770
a	84	91	2828
a	46	27	552
a	16	26	4952
a	93	4	8644
a	26	79	6905
a	83	18	143
a	69	43	5061
a	73	40	4172
a	59	13	857
a	45	50	7473
a	49	55	5108
a	25	62	6815
a	1	37	5411
a	11	76	523
a	68	11	3699
a	72	78	2770
a	54	34	3680
a	1	86	2019
a	58	33	4733
a	44	12	5930
a	34	22	14
a	91	43	5810
a	77	84	9795
a	24	96	7307
a	6	80	6612
a	10	31	5139
a	91	88	7016
a	90	3	9041
a	19	5	125
a	5	58	6478
a	9	63	5295
a	5	75	570
a	38	13	2338
a	28	19	8614
a	32	86	6046
a	14	42	5338
a	71	79	9771
a	95	69	3657
a	65	18	181
a	41	25	2434
a	98	90	176
a	88	92	5493
a	51	80	9507
a	17	32	713
a	84	8	495
a	3	98	4649
a	50	59	9584
a	26	48	5230
a	16	6	9364
a	22	44	8586
a	79	53	9935
a	69	15	8666
a	55	44	1703
a	59	41	9659
a	31	71	5241
a	55	93	3563
a	96	18	218
a	25	26	6695
a	82	29	9298
a	11	27	8783
a	72	27	6694
a	58	82	6872
a	21	78	1524
a	54	14	4967
a	91	55	6817
a	10	51	7898
a	87	35	3677
a	43	57	8126
a	63	10	2071
a	80	66	5254
a	43	86	8580
a	100	13	4356
a	29	23	2001
a	19	33	2107
a	5	30	9003
a	86	91	2139
a	52	95	8190
a	42	21	8054
a	32	3	2015
a	18	42	7646
a	38	41	847
a	85	2	3955
a	14	6	4947
a	75	52	9106
a	94	99	2361
a	47	43	3321
a	88	56	8075
a	17	12	4175
a	3	49	9835
a	23	18	3996
a	50	76	2103
a	70	11	228
a	74	70	4353
a	40	74	7703
a	64	80	3098
a	22	89	7379
a	26	20	5709
a	83	93	2259
a	46	83	632
a	69	82	2734
a	96	79	3170
a	59	53	5693
a	25	69	3042
a	35	60	2051
a	92	59	3088
a	11	7	6170
a	68	60	7187
a	72	55	9307
a	21	98	3055
a	44	69	5723
a	7	83	6650
a	68	67	6537
a	10	68	3086
a	87	86	5869
a	91	19	2875
a	20	29	9901
a	24	88	4049
a	6	24	7832
a	57	16	9305
a	43	37	5793
a	100	82	8881
a	33	15	6992
a	90	72	1312
a	53	68	2488
a	100	33	8153
a	56	71	7213
a	19	61	3540
a	76	58	6708
a	66	96	6019
a	56	54	4001
a	28	36	1834
a	32	47	1340
a	89	50	9375
a	75	67	6266
a	38	85	328
a	95	12	3763
a	4	77	4758
a	99	73	9538
a	85	38	5160
a	61	29	4707
a	51	27	9321
a	17	95	2008
a	37	20	3571
a	94	95	8407
a	98	2	4311
a	3	45	2076
a	23	54	5462
a	64	13	8649
a	84	64	438
a	60	57	2256
a	16	63	1659
a	36	50	1186
a	93	63	7831
a	97	36	4420
a	12	11	2673
a	69	54	4030
a	16	78	1220
a	93	80	5009
a	35	75	3266
a	55	20	2114
a	59	81	6715
a	92	31	5258
a	7	38	9394
a	54	71	7718
a	58	10	1975
a	78	73	5441
a	34	98	8581
a	20	49	6627
a	6	4	7080
a	53	55	5825
a	90	44	8741
a	9	2	4498
a	86	16	5938
a	15	28	9870
a	56	99	5219
a	19	89	2500
a	76	94	5739
a	62	25	6640
a	66	68	1408
a	52	23	4280
a	8	85	6488
a	99	20	4605
a	28	8	9684
a	89	14	8145
a	4	33	915
a	95	96	981
a	8	36	9179
a	65	53	4928
a	85	58	3299
a	41	60	3315
a	17	59	2109
a	37	8	8121
a	94	59	1060
a	13	15	9853
a	74	15	591
a	84	100	866
a	40	2	6851
a	73	94	3307
a	36	86	4855
a	93	3	6696
a	79	80	7488
a	26	76	8506
a	12	47	8710
a	59	12	6836
a	45	49	3255
a	92	76	1243
a	82	54	714
a	45	66	9791
a	1	36	7757
a	21	41	191
a	11	79	6007
a	58	46	3664
a	77	83	6523
a	81	16	9058
a	67	69	1797
a	87	30	8705
a	77	36	6696
a	63	17	1869
a	33	70	8959
a	57	72	1541
a	29	50	3996
a	33	55	2401
a	19	4	8468
a	5	57	482
a	86	60	3953
a	76	66	9340
a	42	62	501
a	5	74	4255
a	14	43	9192
a	71	78	9766
a	75	11	645
a	95	68	9783
a	65	17	3667
a	61	69	5009
a	47	22	4819
a	94	23	4221
a	23	9	7513
a	13	51	2652
a	26	49	4963
a	83	64	7493
a	46	52	6610
a	16	7	4406
a	36	74	1981
a	79	52	3892
a	55	47	7144
a	49	82	3019
a	31	70	1155
a	55	92	4926
a	96	19	2595
a	82	26	7199
a	21	77	59
a	87	77	9947
a	91	54	2804
a	6	61	3108
a	10	48	9620
a	43	56	5173
a	57	100	6487
a	39	12	277
a	43	73	3999
a	100	14	4285
a	15	39	7815
a	62	70	313
a	9	90	803
a	86	88	8296
a	56	27	4822
a	38	46	4472
a	99	44	6072
a	14	7	3483
a	71	50	3007
a	75	55	7282
a	94	96	7667
a	47	42	9076
a	23	45	19
a	64	34	7273
a	50	77	6406
a	40	75	4784
a	60	22	9597
a	36	31	7308
a	83	92	7323
a	69	81	7434
a	16	99	6963
a	93	75	3965
a	79	8	2425
a	55	51	3290
a	96	64	3652
a	96	63	6769
a	7	61	9539
a	11	6	9863
a	68	61	2458
a	72	56	6191
a	44	70	6443
a	7	82	4295
a	68	76	1084
a	34	95	405
a	91	18	8304
a	90	73	1790
a	80	47	7098
a	100	34	1233
a	86	100	4829
a	52	60	5611
a	56	55	2182
a	28	37	143
a	89	49	4960
a	18	15	5805
a	75	66	7553
a	4	78	9979
a	8	9	1562
a	99	72	4231
a	28	84	106
a	61	28	2247
a	17	94	8301
a	94	92	9015
a	27	5	6718
a	3	44	4118
a	60	75	1797
a	23	49	556
a	84	65	5797
a	40	39	9459
a	16	48	9327
a	36	51	3830
a	93	62	3819
a	69	53	8500
a	73	50	6147
a	49	9	7242
a	35	74	7195
a	82	83	4020
a	45	93	6095
a	92	24	3855
a	7	33	1119
a	48	94	1045
a	11	34	2208
a	68	17	4152
a	72	84	4197
a	44	42	6737
a	48	45	5605
a	24	6	5373
a	81	43	6852
a	34	99	721
a	20	50	9630
a	81	68	3713
a	53	54	7675
a	33	42	7751
a	80	11	3789
a	52	97	6827
a	56	100	1300
a	76	95	537
a	42	91	3211
a	5	85	4725
a	62	30	281
a	66	69	5739
a	99	23	4827
a	8	86	3907
a	85	72	9708
a	32	76	2493
a	14	76	1605
a	4	34	3043
a	8	37	2617
a	99	100	2921
a	41	35	8238
a	17	58	4745
a	37	55	6446
a	94	56	9624
a	41	76	4008
a	23	85	508
a	50	21	4385
a	40	3	3771
a	12	89	5549
a	16	28	6619
a	93	2	3913
a	26	77	2453
a	83	20	5718
a	69	41	3871
a	73	46	2738
a	96	8	8524
a	1	59	7484
a	78	59	7894
a	7	5	7249
a	1	84	6178
a	58	47	896
a	44	14	9896
a	77	82	5457
a	81	23	2214
a	10	29	2331
a	30	88	4279
a	87	25	9088
a	77	35	9583
a	63	16	5103
a	29	49	8649
a	33	54	3805
a	19	7	7310
a	5	56	7888
a	66	54	106
a	86	61	8399
a	38	3	5690
a	95	54	6483
a	14	40	5202
a	71	73	8460
a	75	10	4843
a	95	71	4585
a	4	6	3243
a	65	16	9011
a	41	31	6926
a	98	88	4617
a	88	94	9897
a	37	43	4052
a	23	8	1467
a	84	10	6893
a	74	32	890
a	26	62	38
a	36	75	5132
a	83	48	8166
a	55	46	3435
a	59	43	5431
a	45	20	2852
a	31	65	2005
a	55	95	5282
a	78	23	7360
a	87	76	3463
a	91	9	8428
a	6	50	9404
a	10	49	7906
a	67	32	4251
a	87	61	1779
a	43	59	8673
a	63	52	6185
a	33	97	4876
a	39	15	4837
a	80	68	3981
a	43	72	872
a	15	38	4199
a	52	89	9072
a	38	47	7148
a	99	47	7420
a	65	67	8258
a	89	69	3333
a	71	45	1366
a	47	68	1651
a	94	97	3214
a	27	56	4596
a	47	53	410
a	88	58	3684
a	17	2	8099
a	3	51	4135
a	64	35	1372
a	50	74	7189
a	74	68	4142
a	60	23	3426
a	36	24	8055
a	22	95	8501
a	97	30	3462
a	26	18	3154
a	83	95	8508
a	46	81	5576
a	79	11	9319
a	35	81	2712
a	92	53	1850
a	11	57	7587
a	68	62	2163
a	1	99	7642
a	21	96	7803
a	44	71	6642
a	7	77	2001
a	48	2	6513
a	68	77	4182
a	24	43	9015
a	10	66	4912
a	87	80	4923
a	34	92	8641
a	77	26	2403
a	24	90	2746
a	6	30	5161
a	81	95	2282
a	43	39	9722
a	100	92	3681
a	29	72	9045
a	33	13	4381
a	39	51	9014
a	15	58	2662
a	56	73	4579
a	19	63	6609
a	76	52	3469
a	52	61	6230
a	32	33	7815
a	75	69	7316
a	38	75	6202
a	95	14	5672
a	4	79	4274
a	99	75	3896
a	65	47	2369
a	51	29	1042
a	41	87	4122
a	27	4	9768
a	16	49	4866
a	36	60	1646
a	97	58	9299
a	49	8	6293
a	35	77	8010
a	55	22	9421
a	45	92	6394
a	31	25	5760
a	7	32	8473
a	72	85	1488
a	58	8	1229
a	44	43	4603
a	48	46	3696
a	24	7	5067
a	34	96	8242
a	20	51	5688
a	77	62	8915
