p	max	100	2500
n	1	s	
n	2	t	
a	32	54	466
a	14	74	694
a	8	63	398
a	63	76	849
a	46	12	192
a	29	44	735
a	11	90	572
a	72	92	861
a	73	82	936
a	36	34	318
a	93	15	188
a	58	19	19
a	41	57	559
a	44	34	273
a	86	22	672
a	69	38	847
a	34	8	208
a	15	30	540
a	42	88	41
a	5	84	485
a	6	98	223
a	81	35	342
a	45	61	789
a	77	55	887
a	23	95	40
a	82	66	735
a	14	77	945
a	1	40	52
a	8	38	273
a	7	22	33
a	65	11	635
a	46	23	694
a	11	83	665
a	85	56	547
a	36	41	452
a	54	87	496
a	19	96	546
a	37	54	282
a	94	57	25
a	42	67	205
a	45	54	100
a	52	24	917
a	33	74	247
a	89	21	309
a	70	81	80
a	71	93	672
a	57	60	593
a	40	4	335
a	7	15	971
a	46	30	76
a	48	68	383
a	12	90	683
a	16	29	135
a	54	46	523
a	58	37	108
a	5	53	998
a	44	16	697
a	9	50	981
a	12	41	952
a	98	63	865
a	91	68	512
a	74	52	408
a	70	72	671
a	18	98	392
a	57	69	1000
a	78	56	923
a	7	4	104
a	65	5	842
a	12	81	602
a	73	69	524
a	54	33	877
a	37	87	148
a	36	95	577
a	5	62	295
a	61	49	399
a	26	85	348
a	9	59	489
a	66	60	172
a	69	17	896
a	5	79	406
a	81	22	913
a	98	54	713
a	45	40	861
a	49	45	201
a	38	9	234
a	99	13	542
a	28	23	98
a	70	67	276
a	71	83	877
a	78	3	28
a	100	20	568
a	46	40	305
a	29	48	947
a	90	14	341
a	54	56	630
a	37	80	246
a	97	80	75
a	61	74	53
a	44	6	270
a	83	37	466
a	66	55	555
a	86	50	26
a	51	76	977
a	91	37	599
a	94	18	230
a	77	74	355
a	59	28	479
a	62	59	206
a	84	12	838
a	67	76	695
a	13	56	114
a	35	23	781
a	91	82	998
a	4	7	833
a	95	70	684
a	43	100	411
a	26	52	446
a	78	10	706
a	65	23	334
a	36	77	163
a	19	15	637
a	41	30	278
a	34	39	672
a	37	42	360
a	94	21	411
a	77	67	349
a	42	39	364
a	10	12	904
a	49	95	175
a	67	53	325
a	55	65	103
a	32	96	812
a	33	86	990
a	90	97	829
a	71	65	36
a	1	13	588
a	58	86	404
a	43	93	985
a	26	63	487
a	100	26	972
a	46	58	802
a	68	99	141
a	90	16	945
a	22	35	939
a	97	98	683
a	79	54	260
a	62	90	289
a	9	46	817
a	83	51	334
a	66	9	961
a	86	76	580
a	88	38	152
a	91	51	675
a	55	41	772
a	6	56	396
a	45	19	262
a	10	55	154
a	49	80	132
a	67	58	732
a	31	64	179
a	87	39	654
a	35	5	541
a	1	6	485
a	78	20	187
a	43	82	474
a	44	92	43
a	46	61	519
a	69	100	335
a	62	93	472
a	47	38	506
a	52	83	828
a	17	23	189
a	91	8	187
a	20	4	337
a	59	35	323
a	6	51	663
a	50	89	196
a	31	73	336
a	35	10	630
a	92	41	839
a	38	53	714
a	40	95	274
a	95	44	695
a	3	85	826
a	43	58	48
a	60	2	436
a	11	21	172
a	50	40	876
a	14	2	12
a	72	5	995
a	21	84	479
a	22	66	629
a	43	75	328
a	15	33	497
a	52	90	712
a	94	14	369
a	42	16	356
a	10	57	938
a	87	53	827
a	35	51	221
a	57	2	583
a	40	70	793
a	75	88	972
a	14	5	893
a	21	93	805
a	83	89	74
a	47	71	435
a	15	46	701
a	22	52	1000
a	62	79	689
a	9	65	856
a	47	52	296
a	88	59	740
a	86	81	925
a	3	50	299
a	96	75	723
a	24	77	215
a	23	47	862
a	6	45	511
a	64	36	649
a	10	32	816
a	67	17	637
a	32	29	765
a	13	85	182
a	57	11	525
a	38	39	939
a	60	16	97
a	8	22	322
a	82	5	320
a	11	3	992
a	90	69	794
a	36	25	816
a	39	60	553
a	22	92	104
a	80	51	475
a	61	15	789
a	7	87	17
a	100	62	332
a	48	12	985
a	68	71	841
a	69	95	907
a	51	9	490
a	15	55	239
a	61	96	926
a	9	74	624
a	10	88	549
a	77	96	608
a	42	2	901
a	25	74	378
a	23	36	825
a	64	59	776
a	67	22	146
a	74	76	794
a	57	12	707
a	92	54	443
a	96	49	417
a	4	90	96
a	60	47	732
a	7	63	737
a	63	34	285
a	68	63	308
a	90	76	329
a	1	98	147
a	79	98	911
a	48	3	103
a	68	78	56
a	15	60	223
a	17	98	192
a	24	44	393
a	66	100	614
a	91	20	675
a	56	50	463
a	20	24	774
a	96	89	960
a	77	25	923
a	81	94	359
a	6	31	193
a	32	43	473
a	35	38	5
a	38	81	463
a	4	65	536
a	60	38	753
a	65	85	488
a	11	49	419
a	89	95	860
a	72	33	571
a	46	96	27
a	56	74	79
a	30	9	582
a	34	84	170
a	35	94	394
a	56	57	478
a	77	18	636
a	81	87	466
a	35	47	855
a	57	30	689
a	39	90	271
a	60	61	256
a	8	11	869
a	7	45	419
a	28	86	393
a	11	54	77
a	33	5	511
a	90	94	236
a	58	7	749
a	22	97	313
a	80	24	766
a	97	32	639
a	93	84	189
a	41	86	503
a	35	71	220
a	20	46	262
a	23	51	86
a	81	72	682
a	32	57	115
a	60	52	456
a	48	89	750
a	16	50	497
a	36	61	753
a	80	31	196
a	44	45	2
a	47	96	22
a	42	87	337
a	81	48	277
a	49	15	906
a	20	53	482
a	59	82	512
a	60	92	154
a	23	72	784
a	45	91	435
a	28	53	430
a	31	24	943
a	14	64	355
a	40	16	777
a	39	72	458
a	4	62	617
a	65	56	236
a	29	82	766
a	85	53	11
a	33	23	956
a	72	86	392
a	90	32	471
a	54	90	40
a	58	9	911
a	78	76	172
a	9	30	199
a	48	47	792
a	52	100	661
a	15	16	180
a	17	78	220
a	56	95	8
a	37	3	178
a	76	34	174
a	27	21	891
a	13	26	159
a	34	97	136
a	92	98	579
a	77	61	114
a	82	72	865
a	84	81	837
a	85	77	90
a	92	17	979
a	95	100	389
a	78	36	957
a	8	32	427
a	36	35	266
a	1	71	632
a	93	14	992
a	44	35	892
a	86	23	85
a	37	12	904
a	24	15	819
a	66	67	174
a	67	83	565
a	91	73	542
a	20	59	510
a	3	5	642
a	77	54	482
a	59	96	244
a	23	94	247
a	82	67	511
a	85	86	993
a	1	47	915
a	48	78	696
a	29	36	370
a	12	92	547
a	73	90	558
a	54	84	878
a	88	68	987
a	73	43	844
a	94	62	391
a	24	22	114
a	81	27	240
a	45	53	374
a	66	90	679
a	13	12	276
a	87	5	258
a	3	10	819
a	8	95	25
a	45	70	900
a	32	69	376
a	33	73	551
a	89	20	660
a	71	92	639
a	40	5	725
a	4	43	823
a	78	54	287
a	8	46	908
a	65	3	763
a	46	31	343
a	48	69	911
a	16	30	383
a	1	81	334
a	98	77	561
a	61	55	486
a	9	49	304
a	27	75	69
a	66	34	304
a	86	33	769
a	88	75	921
a	34	27	422
a	37	62	339
a	20	90	305
a	76	79	784
a	77	87	308
a	24	29	873
a	98	60	599
a	66	85	96
a	99	7	502
a	50	10	189
a	53	15	505
a	40	12	939
a	95	83	185
a	26	35	490
a	46	38	579
a	12	82	850
a	33	51	502
a	16	21	375
a	90	4	508
a	54	38	547
a	36	88	176
a	41	19	674
a	22	31	491
a	61	48	927
a	44	8	725
a	26	82	862
a	51	70	544
a	69	16	155
a	34	18	991
a	94	40	557
a	59	6	889
a	6	84	883
a	62	49	189
a	49	44	954
a	30	94	818
a	91	92	682
a	74	60	309
a	77	33	876
a	25	11	309
a	50	5	983
a	33	91	503
a	32	83	978
a	71	82	218
a	1	50	290
a	21	63	173
a	95	88	859
a	63	99	159
a	29	15	347
a	16	12	984
a	93	18	833
a	41	20	257
a	98	95	390
a	61	73	340
a	26	93	398
a	79	35	820
a	9	35	53
a	30	54	745
a	88	89	515
a	69	25	965
a	34	45	68
a	52	71	353
a	91	36	884
a	56	2	340
a	42	61	883
a	81	14	801
a	45	32	640
a	84	13	277
a	67	79	632
a	30	65	799
a	13	55	773
a	74	39	633
a	95	48	361
a	99	53	208
a	53	17	523
a	78	11	677
a	90	22	50
a	54	48	880
a	37	88	369
a	36	78	77
a	58	63	608
a	41	29	750
a	27	94	857
a	83	45	130
a	30	57	114
a	86	74	286
a	17	36	773
a	91	61	31
a	59	20	375
a	6	70	255
a	87	41	708
a	92	84	700
a	40	82	543
a	60	13	672
a	64	72	833
a	33	85	699
a	71	64	898
a	18	76	323
a	75	5	359
a	39	27	751
a	78	18	218
a	100	27	742
a	51	44	559
a	90	17	554
a	41	6	152
a	98	81	907
a	79	49	697
a	62	91	323
a	27	87	458
a	83	50	539
a	5	40	476
a	88	39	379
a	52	85	338
a	56	16	617
a	10	52	370
a	11	31	602
a	50	46	520
a	75	58	172
a	39	16	864
a	22	72	610
a	80	79	484
a	97	9	948
a	46	66	904
a	54	2	801
a	15	72	773
a	56	23	734
a	55	33	833
a	20	5	273
a	84	26	602
a	70	29	287
a	38	42	851
a	3	84	929
a	60	3	689
a	64	70	771
a	65	72	599
a	82	16	270
a	11	20	56
a	50	41	298
a	71	54	663
a	36	20	822
a	58	89	195
a	26	14	348
a	100	9	745
a	29	19	470
a	76	18	732
a	30	18	824
a	52	91	507
a	17	15	16
a	56	30	270
a	6	43	468
a	75	91	351
a	96	36	331
a	60	26	537
a	99	81	686
a	85	14	763
a	71	47	263
a	39	6	321
a	26	9	169
a	7	89	858
a	19	42	942
a	22	53	845
a	62	76	600
a	66	19	553
a	52	34	415
a	20	11	281
a	59	48	944
a	42	24	338
a	23	46	240
a	64	37	663
a	50	72	399
a	89	35	107
a	18	33	724
a	4	92	897
a	60	17	301
a	85	23	27
a	68	49	16
a	97	28	380
a	51	8	965
a	19	51	820
a	79	21	945
a	52	41	760
a	20	18	122
a	3	58	689
a	25	73	539
a	32	21	78
a	13	77	745
a	35	32	634
a	8	30	321
a	65	83	800
a	63	45	940
a	1	97	600
a	22	84	996
a	61	7	366
a	26	27	865
a	12	26	140
a	68	79	423
a	69	71	238
a	16	93	111
a	73	28	911
a	98	12	108
a	88	10	580
a	35	88	73
a	91	23	668
a	77	24	101
a	42	10	348
a	92	14	295
a	21	6	589
a	60	39	677
a	8	5	374
a	65	84	436
a	11	48	147
a	68	39	66
a	36	8	936
a	39	45	949
a	26	98	18
a	51	22	650
a	19	65	803
a	79	27	620
a	49	28	223
a	30	14	608
a	6	23	82
a	81	86	936
a	18	10	251
a	57	29	621
a	75	71	914
a	7	44	265
a	28	87	147
a	11	41	850
a	68	46	810
a	80	25	971
a	12	8	839
a	86	3	698
a	51	31	107
a	17	83	116
a	37	16	825
a	19	70	917
a	41	85	554
a	81	62	924
a	27	6	728
a	52	6	687
a	55	27	224
a	6	14	937
a	57	38	611
a	38	64	122
a	39	82	404
a	60	53	792
a	63	88	240
a	65	38	295
a	85	43	37
a	33	29	403
a	90	38	54
a	93	59	128
a	97	56	866
a	44	46	849
a	9	20	528
a	86	26	562
a	69	50	868
a	51	100	841
a	17	84	297
a	16	66	863
a	5	96	308
a	67	100	89
a	74	30	856
a	55	16	857
a	3	22	844
a	64	24	157
a	82	78	933
a	32	49	92
a	57	47	838
a	46	11	728
a	68	28	555
a	58	22	218
a	80	23	798
a	44	37	596
a	9	29	265
a	86	29	591
a	69	59	784
a	73	56	217
a	56	96	520
a	41	71	45
a	42	95	449
a	81	40	705
a	66	73	86
a	52	20	527
a	74	25	910
a	20	61	916
a	3	31	852
a	77	60	202
a	25	46	764
a	82	73	707
a	45	83	340
a	14	72	362
a	92	18	855
a	57	48	275
a	21	26	807
a	78	37	541
a	8	33	593
a	7	27	898
a	65	48	275
a	11	92	5
a	85	61	896
a	90	40	435
a	54	82	475
a	41	63	810
a	97	74	941
a	22	11	391
a	26	70	444
a	83	11	8
a	12	53	844
a	69	36	968
a	41	72	888
a	24	16	333
a	5	82	832
a	67	82	218
a	60	83	712
a	25	55	573
a	8	89	786
a	64	22	349
a	82	64	50
a	99	24	156
a	50	25	319
a	53	60	568
a	1	46	946
a	75	99	973
a	78	44	376
a	65	9	588
a	46	21	368
a	16	24	287
a	36	43	969
a	93	6	210
a	22	2	975
a	44	27	362
a	9	15	189
a	88	69	622
a	17	63	761
a	73	42	414
a	15	97	525
a	24	23	523
a	5	91	801
a	42	65	329
a	62	4	119
a	45	52	841
a	31	97	148
a	87	4	501
a	52	26	437
a	84	96	243
a	14	90	467
a	89	27	219
a	53	5	664
a	1	39	473
a	57	66	40
a	65	2	95
a	46	28	143
a	73	66	940
a	36	82	514
a	22	5	951
a	79	92	21
a	9	48	749
a	86	38	548
a	51	64	557
a	34	24	94
a	69	22	118
a	37	61	441
a	76	72	926
a	24	30	678
a	13	4	40
a	87	29	690
a	70	63	552
a	91	70	897
a	38	20	110
a	77	39	330
a	99	6	235
a	82	50	722
a	63	20	630
a	75	17	965
a	40	13	310
a	21	53	320
a	26	32	564
a	58	42	89
a	97	93	824
a	61	79	868
a	79	37	249
a	12	34	628
a	88	83	327
a	51	73	817
a	20	98	772
a	94	41	937
a	98	52	218
a	81	20	715
a	5	77	207
a	13	61	689
a	74	61	157
a	85	96	216
a	50	2	914
a	33	90	179
a	14	36	680
a	75	22	32
a	63	98	576
a	51	33	737
a	90	12	390
a	97	86	789
a	5	37	892
a	83	39	925
a	66	53	428
a	51	78	422
a	37	47	642
a	59	30	837
a	77	72	759
a	23	12	945
a	10	3	880
a	70	41	674
a	74	36	275
a	38	6	337
a	3	96	71
a	25	19	798
a	99	52	382
a	1	10	213
a	57	85	897
a	21	71	564
a	65	21	465
a	29	7	570
a	72	97	647
a	36	79	101
a	62	81	13
a	83	44	867
a	30	62	188
a	88	33	476
a	51	87	97
a	34	37	953
a	17	27	979
a	77	65	529
a	42	37	861
a	23	5	165
a	81	6	874
a	62	32	878
a	84	21	839
a	92	85	732
a	60	14	501
a	25	20	189
a	64	73	871
a	11	25	12
a	33	84	57
a	71	67	155
a	21	64	117
a	95	73	746
a	78	19	367
a	4	8	3
a	83	68	18
a	46	56	48
a	48	98	907
a	37	64	385
a	97	96	943
a	79	48	126
a	9	44	834
a	83	53	126
a	88	40	159
a	69	10	900
a	51	92	566
a	59	44	202
a	32	10	993
a	31	66	589
a	87	33	974
a	74	86	38
a	40	90	963
a	8	99	44
a	11	30	723
a	71	56	379
a	18	68	377
a	1	4	242
a	39	19	658
a	48	25	481
a	54	3	336
a	19	31	159
a	76	20	742
a	9	85	148
a	47	32	655
a	30	40	319
a	86	69	64
a	17	21	315
a	94	5	329
a	59	37	643
a	42	23	8
a	64	40	710
a	84	27	724
a	49	79	758
a	13	33	515
a	92	43	558
a	38	43	484
a	43	60	287
a	65	79	397
a	29	97	799
a	85	4	935
a	89	65	234
a	72	7	780
a	1	29	800
a	21	82	659
a	44	85	340
a	48	16	775
a	11	100	352
a	46	74	201
a	54	26	854
a	76	19	494
a	79	6	804
a	66	25	717
a	86	92	483
a	87	70	519
a	91	3	167
a	6	40	430
a	64	47	816
a	45	3	800
a	10	39	770
a	96	37	973
a	95	23	487
a	60	27	461
a	50	33	174
a	89	74	170
a	72	14	557
a	58	97	259
a	21	91	93
a	22	91	50
a	26	22	70
a	83	91	963
a	68	90	344
a	76	10	103
a	88	61	466
a	87	95	142
a	34	73	433
a	25	71	64
a	10	46	448
a	67	19	695
a	14	99	833
a	70	12	920
a	95	28	415
a	4	93	80
a	99	89	832
a	28	75	88
a	85	22	219
a	71	39	272
a	36	27	333
a	80	53	535
a	5	11	747
a	27	50	550
a	91	17	540
a	23	38	463
a	6	26	692
a	67	24	326
a	32	22	443
a	13	76	648
a	18	25	214
a	3	74	651
a	28	66	406
a	90	74	225
a	1	96	704
a	39	55	484
a	68	72	533
a	98	13	633
a	79	29	208
a	66	98	765
a	55	4	76
a	3	34	305
a	24	93	538
a	42	11	341
a	28	42	729
a	84	63	260
a	13	69	10
a	35	40	135
a	92	15	1
a	38	87	254
a	95	2	55
a	60	32	162
a	4	67	348
a	8	6	247
a	11	51	104
a	85	24	912
a	33	2	519
a	44	57	969
a	69	79	561
a	41	83	743
a	98	4	13
a	49	19	637
a	34	82	901
a	20	33	262
a	81	85	200
a	64	11	51
a	6	20	370
a	67	6	353
a	89	53	751
a	75	70	968
a	39	84	885
a	4	74	733
a	43	17	536
a	29	94	551
a	33	27	130
a	90	92	710
a	53	72	214
a	72	42	353
a	51	30	684
a	16	76	983
a	93	82	334
a	94	64	533
a	98	31	913
a	88	25	393
a	52	7	843
a	35	73	846
a	74	20	269
a	55	26	413
a	3	16	94
a	82	84	332
a	28	56	322
a	84	77	791
a	53	32	838
a	18	2	461
a	57	37	969
a	39	77	782
a	4	49	853
a	21	23	436
a	65	37	904
a	11	33	636
a	53	81	849
a	71	11	852
a	1	75	858
a	80	17	776
a	9	27	673
a	19	78	567
a	52	14	953
a	74	31	391
a	77	2	195
a	60	94	148
a	82	79	165
a	64	25	253
a	50	100	695
a	53	41	539
a	92	20	7
a	57	46	578
a	40	18	558
a	4	56	178
a	46	8	912
a	68	29	629
a	16	43	922
a	72	88	164
a	90	46	421
a	36	38	896
a	41	53	527
a	61	42	823
a	9	28	690
a	34	12	907
a	15	18	206
a	17	76	450
a	27	23	359
a	66	70	51
a	49	6	701
a	20	62	812
a	60	85	819
a	23	67	115
a	89	8	159
a	92	19	605
a	40	25	531
a	39	67	593
a	8	34	87
a	65	55	631
a	11	95	545
a	33	46	491
a	73	87	199
a	93	12	592
a	79	73	146
a	26	71	931
a	12	54	872
a	17	69	980
a	37	10	723
a	76	91	955
a	6	97	505
a	45	58	826
a	91	75	142
a	55	97	962
a	3	7	377
a	82	65	579
a	50	22	770
a	13	98	134
a	11	84	916
a	12	94	901
a	16	25	522
a	73	88	632
a	58	25	279
a	80	6	669
a	78	92	331
a	26	78	450
a	9	14	731
a	83	19	12
a	34	30	263
a	76	82	992
a	5	90	999
a	81	25	775
a	62	5	983
a	6	88	877
a	66	88	142
a	30	82	152
a	91	64	31
a	74	8	415
a	77	45	645
a	25	63	834
a	8	65	578
a	23	81	619
a	82	56	478
a	84	97	269
a	14	91	77
a	70	84	10
a	53	4	18
a	89	26	157
a	75	27	369
a	57	65	312
a	95	84	907
a	78	52	146
a	7	8	21
a	100	97	546
a	29	59	46
a	33	56	25
a	90	59	217
a	22	26	394
a	5	50	282
a	98	75	603
a	66	32	480
a	69	21	923
a	91	40	477
a	94	39	245
a	59	3	405
a	24	31	648
a	98	58	408
a	81	18	533
a	49	41	586
a	30	85	132
a	99	9	924
a	18	97	921
a	57	74	473
a	11	66	649
a	16	23	218
a	90	2	441
a	19	2	441
a	79	36	720
a	9	56	905
a	34	16	365
a	17	40	859
a	91	33	824
a	49	34	212
a	67	72	22
a	31	86	122
a	30	92	858
a	13	60	949
a	74	58	470
a	38	12	334
a	99	14	938
a	65	98	714
a	32	85	465
a	18	88	32
a	75	9	453
a	58	67	43
a	21	61	54
a	95	90	12
a	78	6	146
a	43	96	170
a	100	23	920
a	29	13	505
a	54	63	555
a	98	93	805
a	26	91	171
a	9	33	637
a	83	38	845
a	69	7	747
a	17	33	994
a	42	59	607
a	81	12	978
a	49	91	106
a	31	95	560
a	70	46	796
a	95	50	783
a	99	55	620
a	82	37	798
a	72	19	132
a	53	31	703
a	39	28	472
a	80	83	644
a	46	54	724
a	12	66	184
a	90	20	885
a	72	98	191
a	41	3	381
a	22	47	693
a	9	42	879
a	47	29	904
a	51	86	834
a	17	26	231
a	23	4	943
a	10	11	612
a	18	59	744
a	55	66	171
a	38	62	26
a	40	84	22
a	60	15	513
a	82	28	97
a	28	96	364
a	11	24	868
a	32	99	929
a	72	26	426
a	53	24	308
a	1	2	198
a	57	93	118
a	58	85	431
a	4	9	992
a	78	16	147
a	26	58	35
a	44	96	589
a	46	57	137
a	51	46	557
a	93	98	151
a	22	38	963
a	5	22	897
a	61	89	749
a	66	4	818
a	88	41	709
a	69	9	186
a	56	18	571
a	42	45	6
a	6	63	9
a	62	40	166
a	84	29	141
a	49	85	196
a	67	63	831
a	13	39	473
a	35	6	41
a	92	45	292
a	8	100	155
a	82	23	713
a	63	11	543
a	1	27	49
a	58	92	99
a	39	18	262
a	78	27	386
a	68	85	262
a	5	31	663
a	61	82	525
a	62	64	759
a	83	61	832
a	47	35	67
a	87	72	833
a	34	52	470
a	15	74	702
a	20	7	594
a	94	10	811
a	64	41	361
a	45	9	218
a	31	74	396
a	70	19	151
a	92	36	679
a	38	40	676
a	96	47	564
a	95	41	913
a	64	88	718
a	89	64	394
a	71	48	169
a	43	76	636
a	44	86	954
a	29	17	522
a	9	93	530
a	27	39	807
a	66	22	625
a	17	13	699
a	55	56	741
a	76	99	874
a	59	61	440
a	23	19	471
a	49	71	841
a	32	25	454
a	50	79	929
a	35	52	64
a	57	7	555
a	40	73	605
a	96	38	139
a	63	57	235
a	14	8	453
a	89	73	512
a	72	15	329
a	36	29	737
a	22	88	547
a	80	63	475
a	97	25	887
a	68	91	842
a	51	5	1
a	16	97	643
a	73	16	643
a	9	70	224
a	20	21	221
a	96	78	814
a	77	100	331
a	24	80	469
a	23	40	931
a	67	18	658
a	50	70	168
a	35	61	628
a	92	58	19
a	96	61	392
a	64	86	239
a	65	88	988
a	71	38	90
a	39	57	225
a	21	99	447
a	80	54	824
a	68	66	46
a	73	25	992
a	37	99	709
a	19	53	228
a	79	23	127
a	27	53	620
a	56	46	326
a	3	60	857
a	64	62	360
a	50	65	678
a	31	33	469
a	13	75	121
a	70	4	839
a	74	75	110
a	38	93	333
a	3	77	11
a	28	67	862
a	29	75	374
a	68	58	717
a	89	91	228
a	90	75	757
a	39	54	690
a	97	43	123
a	44	67	376
a	47	86	695
a	68	73	698
a	51	19	995
a	93	95	269
a	94	87	372
a	76	57	224
a	79	28	282
a	10	78	685
a	30	5	283
a	55	7	440
a	77	22	362
a	23	62	86
a	32	46	479
a	13	68	409
a	18	17	278
a	57	26	409
a	39	94	181
a	95	13	304
a	43	27	857
a	8	7	232
a	65	42	994
a	29	68	407
a	72	36	717
a	53	78	353
a	97	44	15
a	48	61	165
a	88	100	921
a	16	86	315
a	56	77	651
a	76	48	599
a	41	82	330
a	42	96	976
a	56	60	404
a	3	42	725
a	77	15	658
a	60	73	711
a	25	89	763
a	82	90	947
a	84	71	688
a	67	9	910
a	18	8	350
a	57	35	495
a	4	75	430
a	7	46	163
a	11	43	941
a	68	40	543
a	22	100	203
a	16	77	164
a	98	28	880
a	81	60	647
a	55	21	576
a	20	41	48
a	59	94	600
a	6	12	723
a	81	77	986
a	32	60	44
a	18	3	72
a	38	70	275
a	63	90	375
a	46	6	787
a	71	10	428
a	54	70	975
a	93	57	517
a	58	13	307
a	41	51	816
a	80	18	500
a	44	40	979
a	27	96	965
a	48	43	223
a	86	24	121
a	69	48	463
a	56	91	926
a	37	7	980
a	13	30	965
a	55	18	234
a	85	65	460
a	14	71	629
a	70	96	195
a	53	40	651
a	78	32	555
a	8	60	916
a	65	61	736
a	85	50	52
a	33	20	909
a	71	3	770
a	58	20	298
a	97	55	168
a	61	41	241
a	83	4	830
a	86	19	120
a	15	29	372
a	73	62	531
a	20	72	892
a	98	46	432
a	5	87	707
a	81	46	657
a	66	71	427
a	20	63	475
a	60	86	367
a	25	44	818
a	23	66	473
a	45	81	982
a	40	26	569
a	99	98	748
a	8	35	493
a	63	72	133
a	46	16	560
a	11	94	583
a	48	74	160
a	90	54	720
a	72	64	697
a	36	46	404
a	73	86	163
a	78	90	259
a	9	4	907
a	83	13	706
a	12	55	157
a	76	84	347
a	24	18	413
a	66	94	594
a	52	29	909
a	91	74	510
a	3	6	47
a	84	91	112
a	50	23	672
a	14	81	548
a	1	44	492
a	57	63	510
a	4	47	551
a	65	15	828
a	48	65	986
a	29	33	253
a	16	26	870
a	58	38	517
a	97	65	192
a	66	38	815
a	86	45	48
a	34	31	873
a	15	99	294
a	17	61	544
a	73	40	570
a	20	94	337
a	94	61	957
a	76	83	290
a	5	89	355
a	81	24	296
a	62	10	478
a	10	20	705
a	49	55	214
a	13	9	402
a	91	67	104
a	84	98	836
a	14	88	968
a	70	85	63
a	1	37	712
a	57	64	188
a	21	42	206
a	100	98	536
a	29	58	337
a	33	63	32
a	16	17	922
a	90	56	259
a	72	78	877
a	36	92	170
a	1	86	238
a	97	90	288
a	98	72	743
a	83	27	547
a	66	33	63
a	86	36	785
a	76	74	150
a	77	84	499
a	24	96	586
a	42	54	774
a	6	80	814
a	5	66	578
a	45	43	320
a	67	66	444
a	30	90	291
a	82	48	310
a	32	95	842
a	50	9	260
a	70	76	668
a	21	51	12
a	4	29	199
a	78	60	26
a	26	46	912
a	33	48	294
a	5	58	489
a	26	81	324
a	44	11	758
a	27	69	136
a	86	63	325
a	51	75	982
a	88	85	379
a	91	32	9
a	76	65	173
a	62	52	650
a	45	36	295
a	31	81	537
a	35	18	898
a	91	81	762
a	92	65	646
a	55	79	768
a	74	59	390
a	95	52	880
a	65	97	1
a	32	86	220
a	33	88	339
a	14	42	121
a	57	82	135
a	43	99	4
a	12	68	460
a	51	35	201
a	22	21	440
a	5	35	369
a	97	84	268
a	83	41	227
a	47	23	392
a	86	54	462
a	52	66	509
a	34	40	851
a	91	57	320
a	37	45	307
a	25	96	39
a	6	66	165
a	49	90	814
a	91	86	650
a	74	34	353
a	95	61	345
a	82	34	487
a	63	4	529
a	14	45	148
a	53	30	717
a	18	80	377
a	95	66	670
a	100	31	454
a	12	67	716
a	54	55	203
a	37	69	477
a	47	28	366
a	86	73	401
a	51	89	277
a	69	15	875
a	6	69	361
a	67	57	258
a	31	71	329
a	95	58	97
a	60	8	373
a	32	100	648
a	72	27	58
a	57	92	665
a	95	75	929
a	78	17	115
a	43	81	588
a	26	59	355
a	83	70	940
a	29	30	661
a	51	49	315
a	19	24	142
a	93	97	649
a	41	11	330
a	66	5	342
a	15	76	847
a	55	37	519
a	67	62	434
a	50	90	601
a	18	51	342
a	38	54	837
a	96	41	170
a	99	36	865
a	11	16	147
a	50	45	800
a	33	99	439
a	14	63	158
a	72	2	7
a	53	96	178
a	39	13	44
a	22	79	518
a	80	66	385
a	100	13	753
a	83	60	68
a	66	28	492
a	34	53	233
a	56	26	768
a	94	11	473
a	59	39	134
a	42	21	58
a	32	3	301
a	35	14	976
a	60	30	171
a	64	89	845
a	85	2	959
a	33	100	854
a	71	51	173
a	1	19	134
a	58	100	173
a	39	10	53
a	43	79	935
a	44	87	170
a	100	52	759
a	83	84	296
a	68	93	692
a	94	99	195
a	10	82	363
a	52	38	623
a	56	33	595
a	20	15	945
a	24	74	229
a	35	55	548
a	60	21	31
a	28	78	84
a	36	30	884
a	54	96	31
a	100	51	810
a	83	93	741
a	47	48	719
a	34	71	695
a	52	45	936
a	55	48	807
a	20	22	705
a	3	54	407
a	59	53	407
a	23	43	644
a	25	69	947
a	6	33	181
a	14	97	697
a	35	60	947
a	43	44	238
a	99	91	577
a	65	95	263
a	28	69	800
a	85	20	356
a	89	81	109
a	72	55	4
a	79	97	345
a	68	67	181
a	51	13	909
a	16	89	99
a	93	69	5
a	79	22	671
a	56	47	219
a	59	74	322
a	77	28	580
a	6	24	928
a	38	82	731
a	7	59	238
a	100	82	299
a	28	92	559
a	14	27	456
a	90	72	491
a	71	30	554
a	39	49	834
a	12	21	623
a	68	74	133
a	51	18	652
a	69	68	753
a	56	71	137
a	19	61	71
a	76	58	447
a	94	84	810
a	24	48	946
a	98	11	841
a	79	31	343
a	27	13	222
a	30	10	419
a	88	13	445
a	34	89	956
a	96	93	157
a	42	9	175
a	81	82	510
a	32	47	880
a	31	41	29
a	35	42	314
a	18	14	887
a	92	9	731
a	4	77	752
a	60	34	50
a	28	91	200
a	11	53	810
a	16	56	186
a	72	37	861
a	53	77	162
a	80	37	978
a	26	97	362
a	47	94	839
a	62	100	835
a	27	2	193
a	49	17	306
a	87	100	399
a	34	80	844
a	55	31	329
a	3	45	724
a	59	88	541
a	96	84	486
a	6	10	355
a	28	35	592
a	67	8	358
a	38	76	271
a	28	82	438
a	53	86	237
a	93	63	304
a	44	50	599
a	51	96	110
a	17	80	664
a	73	51	230
a	19	75	200
a	94	70	881
a	81	51	395
a	49	10	357
a	88	27	179
a	74	18	37
a	55	20	860
a	23	79	940
a	84	79	866
a	85	71	633
a	4	51	675
a	65	59	503
a	46	7	836
a	85	40	42
a	90	37	636
a	58	10	581
a	27	99	792
a	48	44	240
a	15	23	659
a	17	73	577
a	19	80	588
a	76	39	186
a	24	5	46
a	98	20	588
a	27	16	528
a	34	98	216
a	6	4	661
a	81	69	60
a	32	52	229
a	70	97	576
a	57	44	368
a	65	60	146
a	68	31	787
a	16	45	609
a	80	10	724
a	61	40	79
a	83	7	311
a	48	35	340
a	12	57	278
a	52	96	320
a	15	28	770
a	41	68	565
a	45	63	870
a	66	68	332
a	99	20	471
a	64	18	602
a	82	68	10
a	85	73	292
a	53	48	745
a	1	42	922
a	57	53	517
a	40	27	644
a	8	36	754
a	65	53	309
a	46	17	182
a	11	81	276
a	73	85	627
a	36	47	667
a	93	10	579
a	9	11	733
a	83	12	677
a	88	65	332
a	34	5	417
a	76	85	873
a	49	61	45
a	52	30	742
a	55	99	978
a	38	25	127
a	77	50	911
a	59	100	32
a	32	66	989
a	13	96	533
a	71	99	525
a	78	51	363
a	48	66	115
a	11	86	589
a	29	32	58
a	68	13	890
a	36	86	441
a	1	92	173
a	58	39	881
a	41	37	250
a	26	76	555
a	86	34	194
a	20	95	245
a	77	90	41
a	59	12	692
a	81	31	318
a	62	11	494
a	49	54	58
a	77	43	460
a	25	61	466
a	8	67	360
a	14	89	612
a	70	74	612
a	71	88	76
a	57	71	547
a	7	10	981
a	22	24	586
a	98	73	369
a	27	79	434
a	66	62	912
a	88	79	273
a	51	69	696
a	69	19	833
a	17	53	322
a	77	83	580
a	6	81	99
a	45	42	191
a	66	81	468
a	40	97	387
a	96	14	928
a	82	49	274
a	32	80	985
a	89	97	376
a	53	11	40
a	1	61	610
a	57	72	191
a	26	47	845
a	7	3	417
a	46	42	827
a	29	50	320
a	73	72	750
a	54	58	987
a	22	19	95
a	97	82	842
a	79	38	992
a	44	4	750
a	27	68	711
a	66	57	983
a	88	86	363
a	52	68	11
a	59	26	594
a	67	74	175
a	74	56	502
a	55	78	934
a	95	55	531
a	25	15	750
a	82	40	609
a	70	68	979
a	53	20	805
a	71	78	146
a	75	11	160
a	80	94	715
a	29	11	447
a	22	42	105
a	26	89	143
a	27	93	941
a	83	40	638
a	9	39	877
a	88	93	14
a	69	5	587
a	52	67	101
a	51	83	754
a	94	23	717
a	6	67	401
a	62	60	862
a	67	51	678
a	31	89	448
a	70	44	162
a	35	26	614
a	55	71	118
a	96	28	740
a	25	16	113
a	50	56	869
a	57	90	793
a	78	15	493
a	26	49	865
a	29	4	272
a	68	97	286
a	51	43	718
a	72	100	258
a	19	18	910
a	62	84	388
a	30	61	258
a	69	14	297
a	34	32	574
a	17	24	559
a	91	49	660
a	94	30	763
a	62	39	440
a	45	21	214
a	49	82	962
a	30	76	62
a	13	44	906
a	35	3	713
a	74	42	419
a	4	100	594
a	60	9	750
a	63	12	969
a	18	72	424
a	39	23	48
a	21	77	654
a	80	76	177
a	44	98	686
a	73	99	851
a	22	36	416
a	79	61	102
a	66	2	689
a	30	36	447
a	87	77	578
a	56	20	494
a	62	46	981
a	84	31	38
a	67	33	124
a	32	13	945
a	35	8	257
a	18	48	811
a	40	93	184
a	3	83	258
a	4	99	128
a	95	34	894
a	64	67	539
a	82	21	286
a	11	19	460
a	50	42	211
a	72	3	284
a	22	76	50
a	80	67	656
a	78	25	772
a	44	89	599
a	26	3	610
a	5	29	148
a	98	100	37
a	83	63	501
a	66	29	432
a	30	47	529
a	88	50	613
a	52	88	346
a	23	20	831
a	6	52	728
a	67	38	929
a	49	76	59
a	87	59	850
a	3	88	68
a	89	70	557
a	72	10	772
a	14	7	492
a	36	16	617
a	21	95	702
a	97	6	506
a	43	78	226
a	44	80	450
a	100	53	973
a	46	73	572
a	47	69	719
a	48	19	262
a	68	94	84
a	54	25	346
a	19	41	798
a	22	54	295
a	5	6	847
a	27	57	878
a	10	83	492
a	47	42	446
a	30	22	751
a	86	83	512
a	34	77	973
a	17	3	859
a	56	34	608
a	42	29	338
a	25	67	896
a	23	45	239
a	50	77	911
a	18	34	274
a	57	5	825
a	40	75	708
a	72	49	83
a	80	49	109
a	44	79	138
a	100	60	100
a	83	92	226
a	51	7	181
a	73	22	425
a	93	75	759
a	27	62	576
a	10	90	195
a	47	51	792
a	87	88	850
a	15	90	218
a	24	82	194
a	64	57	595
a	84	52	645
a	74	78	865
a	75	84	446
a	38	88	557
a	96	63	806
a	57	14	667
a	3	70	971
a	99	90	954
a	100	84	772
a	65	94	761
a	28	70	16
a	7	61	872
a	89	80	909
a	90	78	680
a	14	17	463
a	100	59	188
a	46	91	327
a	88	7	534
a	96	71	722
a	23	35	440
a	25	77	772
a	64	48	628
a	6	25	494
a	28	46	189
a	67	29	768
a	31	35	517
a	35	36	952
a	63	41	280
a	11	63	352
a	14	24	90
a	72	63	569
a	36	13	703
a	93	44	625
a	15	59	434
a	76	59	318
a	94	85	852
a	30	11	872
a	34	86	754
a	52	60	94
a	3	39	614
a	64	55	599
a	13	66	167
a	57	24	684
a	38	74	535
a	21	2	765
a	4	78	640
a	43	29	853
a	65	40	826
a	63	86	254
a	11	52	467
a	16	57	558
a	72	38	945
a	93	37	576
a	44	52	512
a	48	63	855
a	37	19	58
a	76	50	989
a	96	85	250
a	64	14	15
a	67	11	913
a	31	17	757
a	43	18	185
a	100	65	7
a	28	83	102
a	11	45	633
a	85	46	604
a	33	24	608
a	16	48	780
a	72	45	820
a	90	91	228
a	39	38	202
a	97	59	766
a	78	71	285
a	69	53	726
a	51	99	498
a	15	9	369
a	73	50	98
a	16	79	196
a	19	74	523
a	76	41	729
a	27	26	563
a	49	9	712
a	55	23	414
a	81	67	15
a	53	45	415
a	4	60	757
a	43	11	337
a	68	17	798
a	71	4	18
a	36	58	294
a	41	49	188
a	61	46	185
a	44	42	642
a	79	68	177
a	16	70	902
a	20	67	764
a	94	78	547
a	76	32	271
a	24	6	524
a	81	43	687
a	66	74	895
a	13	28	884
a	34	99	761
a	20	50	88
a	96	99	282
a	3	26	626
a	6	5	563
a	82	74	406
a	45	86	150
a	31	7	603
a	39	71	503
a	33	42	853
a	54	95	936
a	1	65	742
a	97	53	202
a	34	11	507
a	56	100	895
a	37	14	133
a	94	49	859
a	41	75	592
a	98	44	572
a	77	56	9
a	25	50	557
a	8	86	908
a	64	19	617
a	28	9	519
a	21	38	585
a	63	74	886
a	68	7	207
a	33	35	45
a	72	66	891
a	1	90	765
a	97	78	520
a	9	10	654
a	66	45	220
a	86	40	228
a	73	37	406
a	24	20	562
a	6	100	579
a	81	37	314
a	31	100	252
a	87	11	992
a	99	28	213
a	8	93	476
a	82	60	208
a	89	22	264
a	70	80	377
a	1	34	828
a	78	48	991
a	8	44	992
a	29	63	471
a	11	73	128
a	16	28	135
a	73	93	76
a	58	36	805
a	97	71	124
a	98	62	805
a	62	8	621
a	66	87	253
a	13	7	305
a	70	56	949
a	91	69	727
a	38	17	836
a	77	42	682
a	23	82	399
a	25	60	891
a	82	55	934
a	45	65	147
a	8	68	12
a	33	76	270
a	71	91	478
a	21	40	78
a	80	97	392
a	26	37	656
a	65	6	999
a	12	80	771
a	90	6	960
a	1	84	752
a	93	27	590
a	61	50	522
a	9	52	781
a	51	68	767
a	77	82	167
a	98	57	968
a	81	23	695
a	87	25	275
a	38	8	107
a	96	15	893
a	63	16	222
a	89	96	425
a	1	60	434
a	57	79	555
a	78	2	579
a	65	31	980
a	46	43	94
a	11	71	355
a	93	20	217
a	5	56	44
a	79	33	169
a	61	75	934
a	83	34	508
a	34	47	575
a	52	69	229
a	37	34	883
a	42	63	60
a	98	48	956
a	6	73	484
a	84	3	517
a	31	83	921
a	91	83	340
a	92	67	384
a	74	57	870
a	38	3	418
a	50	62	859
a	33	94	145
a	78	5	224
a	26	55	42
a	100	18	976
a	37	90	968
a	62	82	258
a	86	52	941
a	91	59	324
a	37	43	854
a	42	38	970
a	6	64	878
a	45	27	804
a	13	50	242
a	18	63	465
a	92	90	444
a	55	70	984
a	3	100	260
a	96	29	315
a	99	56	689
a	63	6	300
a	28	100	919
a	72	22	389
a	58	73	92
a	78	12	296
a	26	62	737
a	46	53	575
a	29	3	545
a	22	34	673
a	98	83	179
a	61	93	67
a	97	99	818
a	79	55	415
a	83	48	234
a	47	30	915
a	34	33	124
a	17	31	266
a	91	48	542
a	6	59	711
a	67	59	265
a	87	36	985
a	70	36	199
a	35	2	205
a	18	54	265
a	92	81	181
a	40	87	482
a	95	36	548
a	99	33	986
a	64	77	190
a	63	15	121
a	50	48	385
a	14	58	394
a	18	73	910
a	78	23	226
a	83	72	646
a	46	60	635
a	37	76	447
a	5	19	590
a	79	60	666
a	61	86	535
a	62	92	334
a	30	37	817
a	88	44	533
a	17	16	287
a	56	21	385
a	23	30	802
a	49	74	254
a	31	78	286
a	87	61	14
a	74	82	591
a	55	84	532
a	38	52	486
a	95	45	26
a	64	68	805
a	65	74	804
a	29	100	900
a	33	97	804
a	71	52	719
a	97	12	406
a	43	72	348
a	48	29	853
a	11	99	977
a	54	7	568
a	19	35	563
a	76	16	847
a	5	28	133
a	83	62	755
a	66	26	144
a	47	44	786
a	30	44	962
a	52	89	137
a	34	51	932
a	91	14	304
a	42	19	560
a	24	69	13
a	6	53	923
a	45	6	747
a	10	56	700
a	84	39	742
a	49	67	897
a	31	55	360
a	87	58	449
a	70	22	509
a	35	48	406
a	38	47	863
a	50	34	671
a	58	98	672
a	80	59	666
a	43	65	293
a	7	95	891
a	83	86	459
a	15	47	563
a	19	40	724
a	76	15	906
a	47	53	38
a	52	32	895
a	56	35	955
a	96	74	100
a	59	62	653
a	64	35	831
a	84	46	375
a	31	60	999
a	87	51	699
a	35	57	319
a	74	68	773
a	92	62	408
a	3	64	645
a	64	82	476
a	28	72	463
a	72	50	609
a	36	24	211
a	75	47	545
a	39	61	430
a	7	84	122
a	46	81	789
a	47	77	188
a	68	70	103
a	73	21	789
a	5	14	432
a	10	91	247
a	47	50	65
a	34	69	842
a	91	28	557
a	3	56	568
a	25	75	826
a	18	26	38
a	99	93	776
a	100	85	725
a	63	35	494
a	89	87	987
a	75	36	818
a	48	2	551
a	68	77	372
a	17	99	214
a	73	30	402
a	19	54	536
a	76	61	928
a	86	98	538
a	59	76	676
a	25	76	731
a	64	49	975
a	67	28	61
a	31	34	929
a	13	72	199
a	38	80	666
a	96	55	691
a	99	66	707
a	29	72	558
a	85	27	935
a	14	25	812
a	90	86	470
a	89	88	760
a	36	14	180
a	1	100	190
a	26	100	569
a	100	35	137
a	48	57	716
a	12	23	479
a	88	96	926
a	94	90	115
a	98	9	453
a	96	95	147
a	60	77	245
a	38	75	207
a	39	91	147
a	95	14	311
a	7	50	624
a	68	44	908
a	16	58	331
a	53	75	132
a	54	75	506
a	61	27	935
a	7	67	813
a	69	75	942
a	56	80	814
a	93	85	489
a	24	57	969
a	81	56	411
a	27	4	262
a	55	25	629
a	3	47	166
a	23	48	292
a	81	73	863
a	82	89	939
a	6	8	887
a	67	10	489
a	49	96	238
a	57	32	130
a	65	32	23
a	48	88	782
a	85	45	945
a	53	84	697
a	39	33	653
a	97	58	639
a	78	68	457
a	80	30	480
a	51	98	419
a	73	49	515
a	56	87	671
a	19	77	501
a	27	29	843
a	67	98	75
a	52	3	987
a	55	22	489
a	59	83	469
a	23	73	644
a	28	52	24
a	85	69	205
a	32	63	571
a	31	25	661
a	89	2	248
a	57	41	732
a	43	10	927
a	65	57	602
a	63	71	439
a	72	85	586
a	36	59	649
a	1	79	895
a	54	69	46
a	56	94	616
a	20	76	827
a	76	33	450
a	24	7	411
a	62	20	826
a	66	75	51
a	34	96	312
a	20	51	68
a	96	100	993
a	25	40	398
a	8	80	697
a	64	29	880
