p	max	100	2500
n	1	s	
n	2	t	
a	31	6	1849
a	14	74	1605
a	40	22	4217
a	21	28	982
a	4	36	239
a	78	39	3905
a	8	63	1605
a	46	12	1587
a	29	44	2897
a	11	90	639
a	68	25	1056
a	33	41	2173
a	90	42	3490
a	73	82	1076
a	41	57	2076
a	97	52	1846
a	78	86	2569
a	44	34	574
a	86	22	352
a	52	98	2558
a	34	8	82
a	19	91	1450
a	94	54	4257
a	45	61	3430
a	67	80	1558
a	13	20	32
a	74	2	2897
a	23	95	1755
a	82	66	3382
a	32	77	3918
a	31	15	1186
a	95	98	4466
a	4	35	96
a	29	37	1715
a	33	34	1987
a	72	67	1900
a	1	89	1228
a	22	12	4592
a	80	3	2930
a	61	63	4657
a	83	14	2446
a	19	96	2499
a	81	36	1616
a	62	6	2486
a	67	89	3277
a	35	96	2207
a	38	31	4633
a	14	84	2233
a	21	46	3688
a	78	49	2988
a	8	45	2468
a	65	12	2301
a	46	30	3051
a	29	62	2816
a	12	90	1468
a	90	60	2395
a	36	80	4723
a	54	46	703
a	41	43	2541
a	22	7	1547
a	9	50	532
a	83	23	590
a	47	5	850
a	34	26	4036
a	20	89	4955
a	24	28	2704
a	5	70	2214
a	6	92	445
a	66	84	544
a	38	22	1470
a	77	41	2853
a	8	69	1564
a	45	64	649
a	33	67	4212
a	14	95	4205
a	70	72	177
a	89	30	3692
a	75	31	800
a	21	55	3836
a	46	33	592
a	29	55	1245
a	11	65	92
a	33	60	1082
a	16	20	3697
a	73	69	2418
a	37	87	4510
a	58	44	260
a	97	95	1207
a	5	62	2721
a	61	49	262
a	79	91	143
a	83	28	3770
a	66	60	4454
a	69	17	3126
a	5	79	3007
a	6	87	2548
a	84	5	4408
a	8	76	2351
a	28	23	2470
a	33	68	942
a	53	9	2872
a	1	51	2010
a	58	68	2129
a	4	24	664
a	58	55	3689
a	5	39	708
a	27	70	2834
a	86	50	3695
a	59	28	3239
a	42	60	1833
a	98	49	4186
a	81	15	1265
a	6	78	3225
a	45	33	152
a	5	72	1161
a	84	12	1263
a	77	74	2012
a	13	56	3199
a	87	17	991
a	55	72	2155
a	25	13	3122
a	99	50	1245
a	18	84	1687
a	1	52	1321
a	75	13	2450
a	58	79	1814
a	65	23	2552
a	46	51	4929
a	16	2	4231
a	36	77	4922
a	19	15	1273
a	22	40	4772
a	5	32	2081
a	30	56	162
a	52	77	93
a	56	8	2707
a	94	21	1716
a	6	65	3885
a	45	26	2784
a	92	91	2353
a	82	33	4056
a	72	23	3075
a	53	27	2480
a	18	79	4236
a	26	63	2423
a	29	2	2183
a	54	10	3145
a	19	20	2169
a	22	35	3864
a	62	90	4628
a	30	35	1465
a	34	62	3289
a	94	28	1036
a	6	56	4033
a	50	94	2934
a	31	64	681
a	40	88	2755
a	96	21	4486
a	63	14	320
a	72	30	2652
a	18	70	130
a	57	97	612
a	22	75	3226
a	26	6	2597
a	44	92	1268
a	61	85	2380
a	30	42	3846
a	88	45	817
a	52	83	1221
a	56	22	2028
a	55	38	4141
a	42	41	624
a	84	25	2347
a	49	73	2281
a	13	35	4007
a	87	60	1849
a	31	73	3589
a	74	83	2581
a	55	87	3243
a	38	53	883
a	43	58	2831
a	58	88	2092
a	22	66	307
a	43	75	1374
a	44	91	668
a	83	80	3398
a	29	20	3746
a	51	59	2895
a	15	33	3255
a	19	34	2694
a	5	27	1323
a	62	68	1558
a	27	34	931
a	66	27	4705
a	88	52	1161
a	87	68	4340
a	34	48	4846
a	15	86	4905
a	52	90	4619
a	94	14	4211
a	67	40	4555
a	31	54	4098
a	87	53	964
a	3	90	4609
a	99	46	4706
a	82	10	235
a	85	15	3743
a	50	35	3047
a	89	68	2139
a	39	7	2042
a	22	69	855
a	21	93	4187
a	43	64	2455
a	7	94	4763
a	15	46	4107
a	22	52	4690
a	9	65	163
a	10	81	753
a	30	20	3264
a	55	52	1101
a	20	10	3107
a	96	75	1125
a	3	50	3033
a	25	65	1905
a	6	45	994
a	67	17	2631
a	31	63	1155
a	74	69	3092
a	75	81	703
a	95	18	2334
a	43	40	2295
a	99	87	1845
a	8	22	2026
a	63	37	580
a	28	73	546
a	64	83	3798
a	85	8	1680
a	90	69	4726
a	72	51	2825
a	80	51	643
a	26	19	3101
a	100	62	3755
a	12	98	3161
a	69	95	4557
a	54	22	2138
a	76	7	1803
a	9	74	4210
a	34	66	2130
a	24	84	3262
a	25	74	1248
a	50	66	349
a	13	78	3032
a	74	76	4485
a	92	54	2636
a	95	27	3380
a	60	47	1358
a	11	56	1276
a	33	11	1406
a	14	23	2123
a	89	86	1712
a	22	87	4848
a	7	76	2537
a	47	85	324
a	12	25	511
a	41	100	3012
a	24	44	4241
a	98	15	52
a	59	79	2828
a	77	25	3194
a	64	50	4734
a	89	46	1931
a	35	38	4100
a	38	81	3514
a	40	59	2551
a	39	93	213
a	99	69	149
a	28	95	4277
a	29	71	1523
a	85	26	4310
a	89	95	31
a	14	30	2469
a	72	33	44
a	36	15	4207
a	48	58	3326
a	47	82	2594
a	86	11	1622
a	16	83	4115
a	17	91	3099
a	56	74	3455
a	88	16	4065
a	52	62	6
a	34	84	4038
a	3	41	2737
a	6	22	679
a	81	87	3447
a	31	42	4486
a	40	34	940
a	4	72	2961
a	60	61	1397
a	100	68	3629
a	63	80	1752
a	11	54	4282
a	16	59	2690
a	72	40	4204
a	36	54	2224
a	54	72	2844
a	93	35	1141
a	39	43	2692
a	22	97	3805
a	86	2	2460
a	37	17	3874
a	41	86	2359
a	81	63	4546
a	49	22	840
a	91	98	246
a	57	39	4413
a	63	89	1222
a	65	39	2869
a	11	47	491
a	33	30	2521
a	54	67	4546
a	36	61	3419
a	58	14	1128
a	48	40	1681
a	15	11	4088
a	56	88	4604
a	37	26	1427
a	20	70	1097
a	76	43	3537
a	5	97	4976
a	88	30	1207
a	60	92	4302
a	25	38	1846
a	81	65	3882
a	45	91	1419
a	84	74	1824
a	31	24	1534
a	14	64	291
a	40	16	2195
a	100	74	2671
a	48	80	2116
a	11	36	2570
a	85	53	3708
a	20	77	1021
a	62	21	4258
a	52	11	1620
a	60	91	410
a	84	81	446
a	92	17	2829
a	78	36	109
a	7	24	2001
a	63	79	723
a	65	49	625
a	48	87	4531
a	85	62	4733
a	11	93	2435
a	46	13	2896
a	41	56	1405
a	61	37	773
a	9	7	2381
a	12	52	3227
a	86	23	4879
a	52	99	2415
a	19	90	705
a	20	84	3811
a	42	89	3728
a	74	3	423
a	20	59	3167
a	59	96	2565
a	85	86	2112
a	1	47	4422
a	57	58	4203
a	4	44	4772
a	48	78	1545
a	54	84	4793
a	93	7	4495
a	58	27	709
a	61	62	3645
a	9	8	3447
a	66	43	4577
a	86	46	4700
a	69	46	1125
a	37	53	3399
a	81	27	4872
a	49	50	380
a	23	87	18
a	28	2	1125
a	32	69	1136
a	70	86	2394
a	75	25	364
a	57	67	1022
a	21	45	2455
a	46	31	3984
a	68	8	2038
a	16	30	3391
a	72	75	839
a	73	67	4621
a	97	69	1765
a	47	4	3224
a	69	23	3675
a	37	62	405
a	94	33	4550
a	76	79	3049
a	49	43	2591
a	30	87	2134
a	13	5	2085
a	91	71	3045
a	92	79	4014
a	38	23	803
a	96	10	1848
a	25	2	842
a	85	88	4554
a	33	66	3363
a	89	29	3438
a	53	15	353
a	1	57	4272
a	40	12	1377
a	78	57	4276
a	46	38	2602
a	33	51	3869
a	90	4	1004
a	36	88	2696
a	22	31	558
a	91	47	3021
a	37	39	1891
a	98	55	3147
a	6	84	2956
a	81	21	4013
a	62	49	1517
a	45	39	336
a	5	78	4217
a	49	44	225
a	84	6	3999
a	13	62	4575
a	87	27	2799
a	92	70	1633
a	82	44	2606
a	50	5	4390
a	71	82	4799
a	53	8	4015
a	100	21	799
a	36	71	4115
a	27	89	2191
a	30	54	3376
a	34	45	2759
a	17	35	2811
a	91	36	4358
a	56	2	3397
a	42	61	1622
a	62	56	3835
a	10	2	1287
a	87	16	488
a	91	85	393
a	74	39	2137
a	92	93	1506
a	55	75	1298
a	95	48	1121
a	14	46	3004
a	18	85	361
a	57	86	472
a	58	76	2457
a	39	98	3088
a	95	65	3611
a	80	81	3132
a	26	53	3919
a	46	48	248
a	12	64	4306
a	51	39	396
a	36	78	4196
a	37	88	1408
a	41	29	4930
a	83	45	155
a	88	32	1699
a	69	2	2583
a	91	61	158
a	56	9	3490
a	77	66	545
a	81	7	1120
a	6	70	836
a	84	20	1734
a	30	72	3478
a	70	35	3117
a	18	61	2445
a	74	46	1806
a	38	56	2762
a	75	5	3750
a	21	65	1753
a	43	92	1875
a	26	60	1972
a	46	59	2010
a	51	44	113
a	41	6	165
a	98	81	3048
a	62	91	4327
a	30	32	2247
a	86	77	4699
a	52	85	4742
a	91	50	3052
a	94	29	3777
a	23	3	2771
a	67	61	210
a	32	9	806
a	13	41	4624
a	87	38	2233
a	70	26	4376
a	31	67	1512
a	18	52	3277
a	92	83	1421
a	96	22	1169
a	25	30	4260
a	64	79	1466
a	63	9	4718
a	14	56	3104
a	22	72	4095
a	43	85	1733
a	83	74	300
a	69	99	90
a	90	24	571
a	73	96	2285
a	54	2	3807
a	37	74	1853
a	5	17	4176
a	61	84	4251
a	30	43	2130
a	34	54	2831
a	17	22	2868
a	56	23	4059
a	20	5	2861
a	94	4	727
a	42	22	2689
a	67	34	3592
a	35	13	805
a	3	84	974
a	99	40	3910
a	29	98	1794
a	39	9	4464
a	80	70	3888
a	100	9	500
a	29	19	3338
a	68	82	2217
a	54	5	3073
a	76	18	1611
a	27	37	1039
a	66	24	1379
a	30	18	3950
a	87	71	4981
a	52	91	2955
a	94	15	4957
a	23	17	4594
a	10	38	1657
a	67	43	3308
a	32	7	4245
a	40	71	2669
a	38	45	1543
a	4	85	4332
a	82	11	4378
a	72	13	3518
a	71	47	1724
a	75	40	3779
a	21	92	2785
a	44	83	379
a	100	48	2360
a	46	76	4012
a	51	3	3079
a	22	53	1125
a	62	76	2276
a	87	92	1374
a	6	34	3234
a	81	99	1809
a	32	30	2819
a	14	98	2322
a	74	66	4944
a	92	56	3144
a	96	59	2925
a	4	92	1587
a	28	74	971
a	89	76	1687
a	97	28	4061
a	80	52	769
a	61	14	4503
a	44	74	4155
a	79	100	4042
a	83	97	1936
a	47	79	1028
a	12	99	1166
a	73	27	2601
a	54	23	4258
a	79	21	270
a	56	44	768
a	77	31	4612
a	42	3	1034
a	23	39	1532
a	6	37	4372
a	84	55	476
a	50	67	911
a	13	77	1604
a	89	36	31
a	92	55	2650
a	75	73	3788
a	74	77	1048
a	96	50	3510
a	85	16	1960
a	14	20	558
a	90	77	62
a	53	71	1286
a	89	85	959
a	75	38	2087
a	22	84	3819
a	80	43	4015
a	26	27	1707
a	48	4	1908
a	68	79	2547
a	16	93	2970
a	19	56	3606
a	27	8	2521
a	52	48	2925
a	91	23	2792
a	59	78	4620
a	24	92	4662
a	32	44	4608
a	13	70	1089
a	95	3	2693
a	33	3	3957
a	89	94	4134
a	14	31	1809
a	71	26	4779
a	36	8	3635
a	90	84	4921
a	93	41	1656
a	39	45	113
a	97	46	1918
a	56	75	580
a	42	98	241
a	98	7	1987
a	79	27	3324
a	10	75	4171
a	52	63	325
a	35	65	3484
a	55	2	654
a	77	17	471
a	60	79	659
a	23	53	1447
a	25	91	2113
a	64	10	1280
a	28	32	3854
a	84	69	4559
a	32	35	807
a	31	21	907
a	89	54	561
a	57	29	1348
a	38	73	4513
a	39	85	4939
a	95	8	3269
a	100	69	3069
a	68	46	2422
a	16	60	4861
a	72	41	1744
a	71	19	744
a	36	55	3038
a	93	34	293
a	80	25	565
a	48	50	4076
a	51	31	2041
a	73	14	2761
a	19	70	2933
a	94	67	4010
a	41	85	3113
a	81	62	4909
a	55	27	1687
a	20	47	437
a	77	10	4501
a	59	92	1834
a	25	92	3885
a	31	18	4138
a	53	33	736
a	92	28	4726
a	57	38	2757
a	38	64	905
a	4	48	1388
a	43	23	1999
a	63	88	3964
a	65	38	3651
a	85	43	3208
a	90	38	4014
a	36	62	4494
a	93	59	1879
a	47	99	2484
a	86	26	14
a	16	66	904
a	37	25	1071
a	76	36	3984
a	94	74	1787
a	27	31	2174
a	52	13	4439
a	35	79	1636
a	74	30	747
a	59	85	1643
a	85	67	520
a	32	49	2766
a	70	98	144
a	57	47	3503
a	40	17	702
a	11	39	3658
a	33	22	3179
a	90	33	4867
a	93	52	770
a	58	22	50
a	44	37	4897
a	48	32	1281
a	69	59	724
a	20	78	320
a	98	16	692
a	62	26	3033
a	66	73	545
a	13	25	4874
a	52	20	3303
a	74	25	302
a	77	60	1497
a	23	64	4447
a	64	31	551
a	45	83	1252
a	85	76	4675
a	40	24	2495
a	39	64	1429
a	4	38	1455
a	99	96	442
a	7	27	2364
a	63	78	4142
a	48	72	1227
a	68	27	1190
a	16	33	4373
a	54	82	3761
a	93	13	792
a	41	63	3148
a	78	84	3609
a	61	36	3621
a	26	70	92
a	19	93	4016
a	76	90	2385
a	42	70	2455
a	5	82	487
a	6	96	1941
a	62	29	4234
a	45	59	1943
a	66	64	4267
a	38	26	4654
a	84	89	233
a	32	79	3073
a	33	32	4693
a	73	89	1964
a	54	85	3748
a	41	32	1584
a	97	67	4567
a	44	27	2378
a	9	15	4726
a	83	16	4097
a	26	65	240
a	12	44	3655
a	15	97	2537
a	73	42	3958
a	20	92	4437
a	94	63	808
a	24	23	1866
a	81	26	4177
a	45	52	4930
a	67	91	2225
a	31	97	2768
a	35	98	4124
a	25	56	3771
a	82	59	2992
a	85	94	2194
a	33	72	2654
a	53	5	4105
a	21	44	2676
a	78	55	911
a	16	31	2421
a	47	7	4966
a	51	64	3340
a	17	48	432
a	94	38	3557
a	76	72	2972
a	77	86	2602
a	81	19	3221
a	62	15	1137
a	53	14	376
a	18	96	1529
a	75	17	2224
a	95	82	4127
a	78	62	2374
a	26	32	3748
a	29	53	301
a	73	75	1104
a	54	39	339
a	97	93	3170
a	98	69	553
a	26	83	3734
a	9	57	1501
a	83	30	2254
a	91	46	4672
a	20	98	2508
a	87	26	1644
a	55	77	2810
a	96	2	4882
a	23	100	3377
a	65	99	2198
a	28	17	772
a	32	84	3073
a	70	65	4164
a	53	23	1935
a	18	91	21
a	39	100	2868
a	4	26	906
a	80	91	672
a	26	43	1243
a	16	13	3757
a	37	94	2449
a	98	92	1045
a	9	34	2774
a	86	48	1312
a	51	78	3739
a	6	76	1146
a	84	14	3143
a	49	36	563
a	13	54	860
a	87	19	2906
a	74	36	1578
a	92	94	1871
a	99	52	3059
a	65	100	1303
a	90	100	137
a	1	10	1142
a	75	15	2673
a	58	77	2775
a	21	71	3141
a	78	8	2721
a	65	21	1184
a	51	38	1621
a	54	49	1566
a	36	79	2359
a	5	46	4657
a	62	81	2630
a	27	81	3164
a	9	43	4240
a	86	75	4155
a	88	33	1903
a	17	27	53
a	15	69	4060
a	37	40	3240
a	42	37	1161
a	45	24	4551
a	84	21	4950
a	49	93	3150
a	30	73	3227
a	92	85	2492
a	96	16	3087
a	82	31	2493
a	33	84	397
a	72	25	4778
a	83	68	4633
a	62	88	1617
a	83	53	3697
a	47	27	4048
a	69	10	1091
a	52	86	4368
a	15	66	3691
a	34	60	3339
a	55	43	853
a	10	53	3281
a	49	86	1425
a	70	27	4465
a	35	7	1171
a	92	44	3785
a	55	88	3484
a	40	90	2243
a	14	57	577
a	53	98	4571
a	71	56	2416
a	75	61	3637
a	22	73	43
a	48	25	2690
a	90	25	4365
a	54	3	3134
a	61	83	1142
a	79	57	1203
a	47	32	237
a	34	55	1894
a	17	21	2170
a	56	24	4240
a	59	37	701
a	6	49	4562
a	50	87	3534
a	40	65	210
a	43	60	4271
a	64	71	40
a	65	79	2669
a	63	49	4971
a	75	50	871
a	80	71	621
a	44	85	1160
a	83	82	443
a	29	18	3455
a	36	100	289
a	76	19	1515
a	27	36	2984
a	47	41	4403
a	30	19	706
a	34	78	1638
a	56	31	3214
a	94	12	593
a	42	30	3874
a	45	3	4971
a	67	42	2717
a	74	88	4343
a	40	72	3669
a	60	27	3688
a	82	8	3851
a	63	62	3158
a	28	76	1183
a	11	12	2960
a	71	46	3547
a	36	28	3210
a	1	22	135
a	75	43	4539
a	7	88	555
a	46	77	4329
a	47	65	1158
a	48	23	1178
a	51	2	61
a	15	40	307
a	54	29	3301
a	27	61	4962
a	47	54	2508
a	86	87	886
a	88	61	43
a	91	24	1859
a	59	51	755
a	23	41	3702
a	81	98	3663
a	84	41	4524
a	13	83	2998
a	89	34	1325
a	70	12	428
a	31	57	1595
a	75	83	3373
a	38	37	1435
a	64	85	1367
a	28	75	4657
a	85	22	4691
a	72	53	825
a	36	27	1975
a	75	32	2954
a	21	100	1585
a	22	82	1746
a	80	53	959
a	39	62	1069
a	26	17	2676
a	97	19	756
a	44	75	1359
a	46	84	4429
a	7	81	797
a	69	93	1014
a	73	26	3362
a	41	97	4529
a	5	11	2807
a	79	20	2479
a	9	72	1206
a	34	64	2960
a	35	82	3684
a	20	19	2986
a	3	61	1527
a	77	30	215
a	24	86	2820
a	6	26	1984
a	84	48	3468
a	13	76	2737
a	89	43	4212
a	70	7	1245
a	92	48	3234
a	3	74	556
a	60	41	906
a	63	44	991
a	28	66	17
a	71	28	3098
a	39	55	613
a	44	66	2591
a	100	39	950
a	7	78	3372
a	17	96	4387
a	73	3	920
a	15	62	3593
a	93	64	4101
a	88	11	327
a	35	91	1237
a	91	22	2764
a	20	26	231
a	3	34	66
a	23	63	2603
a	64	52	4522
a	13	69	2492
a	18	16	1979
a	75	65	3762
a	38	87	1736
a	21	5	2816
a	57	27	4408
a	4	67	585
a	100	95	471
a	29	69	4059
a	85	24	1870
a	11	51	2960
a	14	28	3181
a	89	93	2283
a	100	46	2406
a	47	92	2237
a	86	9	1257
a	69	79	172
a	17	89	2337
a	76	55	1589
a	24	53	844
a	79	26	4837
a	35	64	3685
a	55	29	4965
a	20	33	2387
a	6	20	3185
a	53	39	4527
a	38	78	2894
a	99	76	2588
a	7	47	246
a	29	94	530
a	85	33	1542
a	68	47	1434
a	16	61	3156
a	72	42	507
a	71	18	4592
a	80	26	4753
a	48	51	540
a	12	9	379
a	69	72	4739
a	19	73	274
a	93	82	2768
a	94	64	4838
a	98	31	4321
a	52	7	3740
a	35	73	1754
a	55	26	4486
a	20	40	3623
a	3	16	1830
a	59	95	905
a	77	9	3321
a	57	37	3769
a	43	22	3199
a	65	37	3692
a	29	87	3675
a	93	58	1488
a	58	12	3269
a	78	75	4020
a	48	42	4893
a	16	67	1090
a	41	93	1710
a	98	22	346
a	62	16	2168
a	27	30	858
a	9	100	1104
a	66	79	114
a	49	13	3053
a	13	31	4877
a	74	31	3980
a	25	36	2370
a	23	74	4751
a	28	55	2927
a	85	66	1062
a	89	7	4432
a	70	99	4496
a	4	56	3788
a	78	35	166
a	29	80	4251
a	33	21	3289
a	53	90	4317
a	58	23	3366
a	41	53	2345
a	79	64	2874
a	44	38	803
a	9	28	2659
a	61	42	3668
a	69	58	2379
a	34	12	2574
a	19	87	3533
a	94	50	2537
a	98	17	4773
a	30	96	4826
a	52	21	2061
a	25	45	4358
a	50	31	2198
a	14	73	2216
a	57	55	1428
a	46	19	182
a	29	41	2166
a	16	34	4267
a	1	69	551
a	93	12	4778
a	22	8	3632
a	80	15	4217
a	26	71	4423
a	83	10	1849
a	20	86	4348
a	94	53	3560
a	41	79	3376
a	42	71	1066
a	81	32	1579
a	6	97	2755
a	45	58	3519
a	49	63	2949
a	67	85	70
a	87	14	259
a	99	27	4972
a	64	23	307
a	89	17	967
a	14	80	2961
a	53	59	2897
a	1	45	4473
a	57	56	3028
a	7	19	1296
a	65	8	2058
a	33	39	3539
a	1	94	698
a	97	66	4295
a	83	19	4802
a	66	41	4624
a	12	45	2108
a	86	44	4621
a	15	96	3872
a	98	35	41
a	66	88	3936
a	30	82	737
a	52	27	3462
a	23	81	778
a	82	56	987
a	84	97	2632
a	50	17	390
a	32	71	376
a	21	43	1811
a	95	84	827
a	78	52	1084
a	48	71	551
a	11	77	2789
a	54	45	501
a	5	50	4747
a	27	77	2752
a	83	24	1846
a	66	32	3848
a	69	21	2242
a	91	40	249
a	20	100	4234
a	59	3	4541
a	42	73	2656
a	24	31	3492
a	77	85	3237
a	13	3	252
a	70	60	2823
a	92	73	3929
a	38	21	1972
a	60	98	1808
a	8	72	3923
a	50	8	2883
a	1	63	4948
a	57	74	2699
a	4	28	4576
a	78	63	3353
a	65	26	1841
a	46	36	1103
a	33	49	812
a	90	2	1654
a	73	74	2098
a	54	36	1355
a	36	90	3081
a	93	23	2863
a	41	17	1631
a	61	78	2535
a	26	80	575
a	27	66	2546
a	83	33	1828
a	47	15	4172
a	12	35	517
a	88	84	3816
a	51	72	1017
a	34	16	896
a	94	46	3826
a	5	76	1273
a	81	11	4628
a	62	55	1826
a	6	74	732
a	10	25	2140
a	45	37	257
a	30	92	4700
a	13	60	3392
a	92	64	2442
a	95	53	1704
a	99	14	364
a	89	100	3557
a	75	9	714
a	58	67	2115
a	4	27	615
a	26	40	3282
a	29	13	2458
a	51	32	4983
a	36	65	1474
a	19	11	3206
a	22	20	933
a	79	45	3999
a	26	91	2335
a	9	33	655
a	83	38	3765
a	51	81	2428
a	17	33	4530
a	42	59	1226
a	25	97	318
a	30	71	2436
a	91	87	3343
a	96	26	3371
a	95	50	3358
a	50	58	2718
a	1	9	2185
a	39	28	2301
a	4	2	700
a	43	89	1495
a	26	51	958
a	65	20	3025
a	46	54	4627
a	51	41	3356
a	16	5	464
a	36	72	3166
a	19	16	2034
a	58	61	4401
a	41	3	3369
a	98	84	4014
a	56	11	3135
a	94	24	3908
a	42	34	1852
a	6	68	281
a	62	33	1379
a	10	11	1978
a	84	22	3331
a	31	68	2527
a	92	86	1107
a	38	62	25
a	99	60	4221
a	28	96	2197
a	32	99	2867
a	14	55	212
a	18	74	4015
a	1	2	453
a	78	16	74
a	43	94	1975
a	48	99	424
a	19	25	1251
a	37	79	3270
a	61	89	4562
a	79	51	3717
a	27	41	4623
a	83	52	622
a	66	4	3912
a	86	67	4035
a	34	61	3695
a	59	47	3080
a	6	63	4609
a	62	40	3669
a	67	63	2694
a	49	85	3589
a	31	77	4428
a	74	87	4339
a	40	91	3069
a	8	100	4497
a	82	23	1297
a	11	17	2171
a	14	62	1270
a	53	97	4691
a	71	59	2970
a	58	92	3467
a	43	87	4515
a	68	85	1876
a	69	97	4626
a	79	56	4172
a	9	84	2801
a	27	46	2094
a	30	41	3566
a	20	7	756
a	76	100	1253
a	59	36	700
a	24	66	4671
a	23	26	1340
a	64	41	4570
a	45	9	4667
a	10	61	794
a	50	84	1992
a	13	32	3241
a	70	19	3374
a	40	66	2152
a	38	40	3009
a	65	78	4965
a	71	48	3957
a	36	22	842
a	1	28	1553
a	22	65	159
a	7	98	4013
a	83	85	3873
a	29	17	3393
a	68	92	1952
a	15	34	3969
a	19	39	3773
a	62	75	4770
a	27	39	503
a	88	55	1469
a	91	2	2574
a	94	13	2195
a	24	73	497
a	6	41	2782
a	10	36	1916
a	84	35	3047
a	50	79	817
a	35	52	1238
a	74	89	1680
a	40	73	3929
a	85	12	494
a	14	8	507
a	1	21	1665
a	75	42	4574
a	22	88	3553
a	80	63	2397
a	97	25	1260
a	26	23	1542
a	7	91	184
a	46	82	4976
a	76	11	50
a	24	33	4232
a	61	100	3593
a	34	70	2376
a	55	49	247
a	20	21	553
a	96	78	3790
a	6	32	4966
a	31	56	371
a	89	33	1021
a	70	13	3363
a	92	58	4745
a	75	82	1403
a	60	19	1345
a	99	88	1602
a	63	38	3068
a	28	68	1340
a	11	4	1733
a	85	21	3644
a	14	19	713
a	90	64	3575
a	26	30	3442
a	83	99	4560
a	16	88	591
a	15	48	1911
a	19	53	892
a	93	70	2046
a	5	10	2222
a	9	79	2641
a	30	2	2156
a	20	28	2859
a	3	60	1108
a	77	29	2199
a	25	79	4257
a	6	27	2806
a	13	75	3798
a	40	55	2453
a	43	34	2758
a	99	65	3107
a	7	56	4600
a	68	58	2105
a	14	26	798
a	72	61	4998
a	80	45	4348
a	26	25	2650
a	7	73	4928
a	12	20	1411
a	51	19	2762
a	15	57	1248
a	88	12	1814
a	52	50	3385
a	55	7	226
a	77	22	4093
a	24	94	4795
a	25	80	4660
a	13	68	2522
a	89	51	1527
a	40	62	2692
a	95	13	1284
a	43	27	4164
a	11	50	2835
a	89	92	1524
a	90	82	4121
a	36	10	4936
a	39	47	1723
a	80	36	1294
a	61	30	2026
a	100	47	3566
a	47	95	3527
a	12	19	2561
a	86	14	2323
a	19	67	3413
a	37	21	1230
a	49	18	2410
a	30	12	2107
a	88	19	3081
a	25	89	1406
a	23	55	1212
a	64	12	3621
a	53	38	788
a	4	75	1342
a	100	71	4368
a	63	93	2003
a	65	35	860
a	33	26	4129
a	16	62	498
a	39	36	599
a	97	37	2554
a	80	27	4432
a	44	49	4023
a	69	55	1869
a	16	77	2972
a	51	97	1302
a	56	84	397
a	98	28	1330
a	81	60	543
a	27	24	2163
a	35	72	4785
a	3	19	2615
a	59	94	874
a	81	77	2406
a	82	85	210
a	45	95	3146
a	49	100	1555
a	89	61	3459
a	53	47	2513
a	18	3	3011
a	92	30	2161
a	74	100	1950
a	43	9	497
a	7	39	2065
a	65	36	3108
a	29	86	3831
a	1	74	1462
a	73	53	3518
a	19	81	1431
a	94	72	2634
a	81	53	555
a	49	12	1739
a	74	28	1639
a	59	87	801
a	64	26	1083
a	84	85	2134
a	14	71	1420
a	4	57	2096
a	8	60	4164
a	7	28	283
a	46	9	4852
a	29	47	1557
a	33	20	210
a	36	39	3334
a	1	67	3405
a	58	20	4467
a	80	9	3144
a	79	67	1109
a	73	62	726
a	94	51	4360
a	24	11	1438
a	98	46	3438
a	64	17	1476
a	28	15	2368
a	50	28	470
a	31	2	4808
a	1	43	1526
a	95	97	514
a	78	43	465
a	8	35	2322
a	11	94	1976
a	1	68	3324
a	93	11	4371
a	97	72	1511
a	78	90	1478
a	26	68	860
a	66	47	2600
a	17	68	3769
a	19	95	2627
a	45	57	2992
a	66	94	3927
a	13	16	1548
a	87	9	1362
a	91	74	4854
a	55	96	3615
a	25	53	3049
a	99	26	4940
a	32	65	777
a	13	97	926
a	14	81	4047
a	53	58	130
a	21	33	3846
a	8	42	4533
a	46	27	522
a	16	26	2477
a	72	71	4712
a	36	85	2285
a	58	38	2478
a	17	61	2869
a	20	94	4867
a	24	25	3680
a	42	79	1714
a	6	89	2029
a	98	32	739
a	45	50	1353
a	66	89	4674
a	13	9	186
a	70	58	2384
a	38	19	1105
a	25	62	4666
a	82	57	4694
a	45	67	3945
a	28	29	201
a	33	78	4403
a	57	64	2532
a	38	98	4603
a	40	8	4651
a	29	58	4620
a	97	90	1081
a	79	94	4999
a	12	37	815
a	86	36	3628
a	34	22	3044
a	17	54	3232
a	37	59	3351
a	5	66	3388
a	6	80	3163
a	30	90	716
a	87	31	3376
a	70	61	3605
a	77	37	1561
a	82	48	2810
a	26	46	1992
a	33	48	3973
a	16	8	2847
a	36	91	2259
a	41	16	166
a	61	77	523
a	30	50	4895
a	86	63	1769
a	51	75	3771
a	37	36	1972
a	59	27	4523
a	98	50	196
a	49	33	408
a	30	93	3864
a	13	59	4857
a	35	18	4451
a	91	81	4476
a	38	13	2983
a	99	49	4933
a	82	43	3823
a	28	19	632
a	70	71	4966
a	1	55	4370
a	57	82	3272
a	12	68	1183
a	97	84	206
a	5	35	1565
a	79	44	3091
a	61	70	1952
a	86	54	3553
a	51	80	2816
a	88	92	4094
a	69	6	2141
a	37	45	2990
a	77	70	3793
a	42	56	4140
a	84	8	3923
a	87	45	4195
a	38	4	135
a	96	27	581
a	50	59	1156
a	33	81	3120
a	18	80	1077
a	57	91	626
a	39	31	89
a	4	3	3175
a	80	84	4725
a	26	48	4197
a	29	5	3975
a	68	96	646
a	72	99	926
a	90	21	1501
a	41	2	389
a	22	44	2736
a	5	44	499
a	61	95	1967
a	79	53	969
a	9	41	2188
a	27	83	3057
a	30	60	3763
a	69	15	1146
a	17	25	2999
a	91	62	4491
a	42	35	2307
a	23	7	1737
a	10	8	230
a	84	23	4936
a	49	83	2465
a	30	79	3520
a	31	71	2582
a	67	57	1198
a	38	63	4971
a	96	18	97
a	99	63	1168
a	32	100	352
a	57	92	974
a	80	75	1376
a	44	97	1403
a	19	24	1924
a	76	31	20
a	83	55	648
a	47	37	2479
a	69	8	269
a	15	76	1564
a	91	55	3324
a	17	18	2667
a	23	28	1051
a	67	62	725
a	13	38	1813
a	70	25	1226
a	74	84	3348
a	96	41	518
a	3	80	2503
a	60	7	4409
a	43	57	379
a	82	20	3501
a	39	13	4519
a	78	24	3366
a	26	2	1153
a	7	100	2576
a	83	79	3137
a	46	65	2826
a	29	23	1958
a	11	97	2660
a	51	54	4185
a	15	36	3831
a	61	81	596
a	79	59	2691
a	30	46	3039
a	87	75	674
a	91	12	4099
a	55	34	4504
a	45	8	2618
a	49	77	780
a	32	3	3891
a	67	39	2273
a	31	53	964
a	13	95	824
a	38	41	3240
a	43	62	4047
a	64	89	3435
a	65	77	595
a	72	9	3094
a	36	23	4311
a	21	80	4881
a	80	57	1520
a	44	87	889
a	83	84	2799
a	15	45	3286
a	5	7	2209
a	27	38	830
a	87	64	374
a	17	12	3504
a	24	74	2585
a	23	18	4412
a	50	76	2982
a	70	11	3066
a	35	55	1983
a	74	70	2794
a	75	92	2124
a	3	94	79
a	63	56	670
a	11	14	4919
a	89	72	4313
a	71	40	1189
a	1	20	4743
a	97	24	3254
a	80	48	1577
a	44	78	3215
a	100	51	2379
a	15	42	2327
a	79	9	4112
a	87	89	1696
a	56	40	1938
a	55	48	467
a	77	99	3470
a	64	56	3833
a	10	44	3072
a	31	59	377
a	14	97	219
a	89	32	556
a	35	60	3388
a	3	71	3200
a	8	26	2086
a	65	95	3985
a	72	55	808
a	21	98	427
a	97	17	4734
a	80	55	1222
a	100	58	1301
a	68	67	3576
a	16	89	117
a	15	51	2040
a	56	64	2493
a	19	52	2464
a	79	22	92
a	30	3	1353
a	34	94	795
a	35	84	4164
a	56	47	4687
a	20	29	1841
a	42	14	1311
a	6	24	754
a	28	45	3503
a	67	26	4934
a	35	37	2085
a	18	23	3871
a	57	16	150
a	96	53	4688
a	4	70	1238
a	60	43	1649
a	43	37	3821
a	100	82	4036
a	14	27	2558
a	72	62	3394
a	71	30	3974
a	36	12	170
a	100	33	1259
a	47	81	4431
a	16	80	4320
a	15	56	3108
a	76	58	66
a	79	31	636
a	66	96	642
a	88	13	470
a	56	54	3754
a	42	9	4635
a	81	82	3914
a	28	36	4273
a	38	85	3873
a	21	3	1205
a	40	63	372
a	28	91	3649
a	29	67	4773
a	16	56	3634
a	72	37	4352
a	93	38	4440
a	7	65	4393
a	48	62	2620
a	46	100	570
a	16	87	3440
a	17	95	83
a	81	58	4964
a	56	61	3482
a	59	88	2358
a	60	74	1821
a	81	75	1069
a	82	91	4512
a	32	38	4104
a	31	22	118
a	38	76	446
a	43	19	2861
a	99	78	1159
a	8	15	2847
a	65	34	595
a	7	41	2457
a	100	64	2959
a	93	63	3784
a	58	3	2420
a	78	70	3421
a	80	28	940
a	44	50	4256
a	9	16	1451
a	17	80	666
a	73	51	3161
a	37	29	1571
a	24	62	1400
a	5	100	4500
a	98	29	4529
a	67	96	3013
a	49	10	2627
a	20	42	1156
a	77	7	3375
a	23	79	4692
a	92	31	3589
a	40	45	3988
a	60	48	3419
a	8	54	1886
a	46	7	4477
a	11	35	4921
a	68	16	2684
a	90	37	78
a	53	95	2120
a	54	71	3277
a	61	47	870
a	19	80	4160
a	20	66	3472
a	24	5	742
a	42	83	2092
a	13	29	3396
a	3	27	3351
a	60	88	1528
a	82	77	4745
a	45	87	2502
a	92	22	4846
a	57	44	1296
a	21	30	342
a	78	33	1105
a	8	61	2074
a	63	66	181
a	29	46	1645
a	72	90	828
a	54	94	3124
a	1	66	4572
a	93	49	731
a	58	21	2046
a	97	54	3095
a	80	10	1543
a	83	7	3004
a	17	66	4214
a	37	15	2506
a	20	73	2827
a	94	48	2541
a	41	68	2407
a	76	94	3279
a	45	63	3509
a	60	87	552
a	25	51	2712
a	8	85	2903
a	82	68	1628
a	85	73	3317
a	14	79	2201
a	57	53	2808
a	21	39	4891
a	65	53	4409
a	48	75	2783
a	85	58	2467
a	72	65	3890
a	54	81	1210
a	1	91	1419
a	41	60	1354
a	97	79	1857
a	78	91	1148
a	22	14	2406
a	26	69	2599
a	44	31	238
a	17	59	1488
a	73	38	711
a	76	85	1155
a	5	95	2839
a	49	61	2357
a	25	52	520
a	31	10	44
a	71	99	1875
a	4	40	2158
a	78	51	4175
a	68	13	406
a	33	37	2446
a	54	40	4578
a	93	3	2848
a	9	12	2438
a	12	47	1390
a	37	49	3165
a	42	76	1463
a	24	26	1288
a	45	49	4279
a	49	54	675
a	91	66	576
a	25	61	1570
a	18	100	2071
a	1	36	458
a	38	99	503
a	21	41	4468
a	95	86	696
a	29	57	2803
a	12	87	4270
a	90	57	854
a	93	28	2877
a	97	89	4608
a	5	48	257
a	61	51	4897
a	98	73	1073
a	66	62	581
a	88	79	1213
a	69	19	3500
a	34	23	2302
a	51	69	4661
a	37	58	4915
a	6	81	4261
a	49	47	1246
a	30	91	2128
a	87	30	1004
a	92	75	2878
a	38	11	4162
a	77	36	2158
a	99	11	1668
a	33	70	4152
a	89	97	4503
a	14	32	2835
a	70	77	3882
a	1	61	554
a	58	70	4803
a	21	50	2980
a	26	47	3106
a	7	3	3558
a	11	68	760
a	16	9	3140
a	54	58	4601
a	19	4	817
a	97	82	4055
a	22	19	1582
a	79	38	4317
a	44	4	695
a	83	35	4044
a	91	35	3195
a	42	62	2745
a	6	72	4989
a	62	53	3620
a	84	2	3780
a	49	32	1348
a	30	66	1767
a	70	53	3186
a	99	48	2726
a	32	87	30
a	33	95	3824
a	14	43	984
a	70	68	2629
a	53	20	3537
a	1	54	2402
a	95	68	102
a	4	5	675
a	51	34	4099
a	58	48	873
a	61	69	1464
a	26	89	1241
a	56	6	4009
a	59	19	260
a	62	60	1620
a	31	89	2879
a	18	62	1468
a	95	60	3951
a	82	35	1549
a	33	80	1542
a	72	21	3325
a	39	30	3373
a	21	68	1606
a	26	49	3749
a	83	64	702
a	46	52	3319
a	29	4	1719
a	16	7	4557
a	37	68	512
a	61	94	2983
a	62	84	2489
a	9	40	2664
a	83	49	2551
a	66	11	877
a	30	61	4479
a	55	47	3055
a	42	32	2319
a	45	21	759
a	10	9	1258
a	84	16	4519
a	31	70	4490
a	70	39	3270
a	35	3	2503
a	92	80	4701
a	55	92	1781
a	40	86	343
a	95	37	2447
a	64	76	2850
a	95	74	346
a	78	22	1964
a	26	56	4030
a	73	99	4948
a	54	15	4059
a	93	96	726
a	5	20	663
a	66	2	3832
a	15	79	3609
a	23	31	260
a	6	61	2698
a	45	14	1041
a	10	48	2936
a	32	13	1667
a	50	91	2465
a	92	47	912
a	55	85	1120
a	38	55	1599
a	3	83	742
a	43	56	3836
a	99	39	1835
a	11	19	716
a	14	60	3343
a	1	25	921
a	39	12	1482
a	22	76	584
a	43	73	1576
a	48	28	48
a	51	57	1863
a	54	6	2426
a	27	32	2987
a	66	29	2103
a	86	88	3581
a	52	88	1735
a	55	61	198
a	6	52	421
a	84	38	802
a	67	38	2265
a	50	82	2493
a	18	43	3872
a	95	43	1756
a	60	31	161
a	43	49	2140
a	99	44	3989
a	65	76	1998
a	14	7	1452
a	1	18	327
a	97	6	3988
a	22	71	3180
a	78	96	2016
a	83	87	3917
a	51	62	2964
a	19	41	1023
a	94	96	765
a	66	20	1723
a	52	39	1152
a	17	3	3274
a	91	4	1545
a	3	48	551
a	25	67	864
a	64	34	630
a	10	34	3148
a	84	45	2117
a	38	33	2356
a	96	56	2916
a	95	16	4352
a	8	20	315
a	89	79	3960
a	72	49	4556
a	80	49	3131
a	44	79	4713
a	100	60	4196
a	51	7	3590
a	15	53	4167
a	54	16	2210
a	19	46	4008
a	5	15	37
a	9	68	705
a	10	90	1856
a	17	4	2625
a	24	82	390
a	67	20	4450
a	32	18	4973
a	31	58	3825
a	18	29	4547
a	92	52	2814
a	96	63	2333
a	43	47	1485
a	7	61	4782
a	11	6	292
a	72	56	2846
a	97	16	4347
a	61	10	1593
a	44	70	3176
a	46	91	3868
a	51	12	277
a	15	50	4507
a	73	31	4819
a	93	68	2560
a	47	56	4893
a	34	95	3252
a	20	30	668
a	3	62	901
a	23	35	4273
a	81	88	3332
a	32	41	3983
a	13	73	4330
a	92	51	2358
a	57	23	3200
a	40	57	1958
a	60	36	4247
a	7	58	4627
a	65	87	39
a	11	63	411
a	72	63	3308
a	71	25	1985
a	68	75	165
a	51	21	1097
a	16	81	2697
a	56	72	1191
a	76	59	2713
a	94	85	1450
a	98	8	1411
a	10	76	4961
a	88	14	398
a	35	92	1085
a	96	94	4360
a	77	20	674
a	28	37	2034
a	67	2	2098
a	89	49	2248
a	92	10	1156
a	40	32	326
a	60	35	4045
a	43	29	384
a	65	40	544
a	53	76	1771
a	54	74	593
a	93	37	1319
a	47	89	831
a	12	13	2217
a	51	26	2939
a	37	19	1320
a	94	92	1617
a	98	3	4400
a	81	57	2341
a	49	16	2318
a	35	69	4572
a	20	44	2003
a	96	85	1018
a	3	44	1580
a	77	13	3628
a	25	95	2220
a	49	97	2997
a	89	58	2707
a	40	39	3283
a	39	81	3431
a	60	58	3160
a	43	18	1154
a	90	91	2542
a	53	85	3801
a	54	77	1477
a	36	51	3313
a	39	38	2196
a	97	59	1569
a	86	7	256
a	51	99	344
a	16	79	2085
a	17	87	257
a	69	53	3034
a	94	71	2944
a	41	89	3113
a	24	63	265
a	88	28	2677
a	52	2	409
a	35	74	4758
a	3	21	4771
a	59	80	4540
a	6	2	28
a	82	83	618
a	45	93	875
a	14	66	1710
a	40	46	4893
a	21	20	2459
a	4	60	4636
a	8	55	3959
a	65	58	2469
a	68	17	4037
a	53	94	487
a	36	58	1032
a	1	72	3367
a	41	49	2321
a	80	20	4527
a	61	46	4682
a	79	68	1437
a	44	42	215
a	12	3	2051
a	15	22	82
a	20	67	585
a	41	66	3487
a	42	80	3276
a	24	6	3670
a	34	99	2282
a	96	99	3297
a	77	63	4183
a	23	71	3080
a	78	38	1762
a	63	77	1515
a	78	81	205
a	61	39	809
a	12	58	2249
a	52	97	4061
a	37	14	2526
a	20	74	2437
a	45	62	447
a	66	69	1980
a	74	5	3180
a	8	86	2873
a	31	12	1511
a	21	38	824
a	63	74	3462
a	16	37	4025
a	73	84	2408
a	54	86	34
a	41	35	914
a	66	45	1450
a	88	66	1653
a	86	40	2369
a	69	32	2109
a	34	2	2528
a	73	37	1505
a	6	100	3164
a	74	12	662
a	38	30	1465
a	99	28	3083
a	82	60	3684
a	45	72	567
a	89	22	850
a	53	56	1937
a	21	47	3243
a	4	41	159
a	16	28	568
a	1	83	1777
a	58	36	1291
a	83	20	3084
a	20	88	2518
a	77	89	3110
a	24	27	3557
a	5	71	848
a	45	48	3322
a	49	53	2067
a	30	81	2557
a	96	8	978
a	23	82	2051
a	82	55	480
a	95	81	3950
a	80	97	1556
a	26	37	3678
a	33	61	980
a	93	27	745
a	58	47	1602
a	79	88	4129
a	91	45	4839
a	94	42	901
a	24	98	3342
a	10	29	4777
a	84	4	4948
a	30	88	2485
a	8	75	4840
a	63	16	3407
a	78	2	1592
a	7	2	4865
a	65	31	3141
a	46	43	3094
a	12	79	1636
a	33	54	4427
a	73	79	203
a	54	59	1364
a	41	22	3182
a	44	5	1566
a	9	61	142
a	83	34	4189
a	47	8	713
a	88	87	179
a	86	61	2178
a	94	45	1740
a	77	75	143
a	81	8	2569
a	10	4	2054
a	35	20	1123
a	91	83	3155
a	74	57	2422
a	82	41	1014
a	14	40	3646
a	53	19	2425
a	18	87	4764
a	1	53	4993
a	57	80	4817
a	75	10	2142
a	78	5	2707
a	80	95	769
a	46	50	2705
a	54	50	2227
a	5	33	441
a	79	46	1886
a	62	82	4981
a	61	68	69
a	86	52	2330
a	69	4	2470
a	91	59	1418
a	62	61	2776
a	84	10	99
a	67	50	2607
a	3	100	654
a	95	63	2488
a	96	29	852
a	28	100	1601
a	50	57	1680
a	90	96	2885
a	75	3	2541
a	58	73	864
a	21	67	3212
a	95	76	1415
a	43	90	4247
a	26	62	2376
a	37	67	3934
a	61	93	852
a	9	47	1063
a	34	33	156
a	15	65	2334
a	59	43	4511
a	84	17	3555
a	13	43	3728
a	38	61	941
a	60	10	1320
a	8	96	3736
a	63	15	1748
a	28	99	4219
a	71	63	4772
a	75	56	2904
a	58	80	1626
a	39	22	1487
a	78	23	3925
a	44	99	2978
a	29	28	3838
a	90	26	2427
a	37	76	2150
a	97	100	3643
a	83	57	3506
a	30	37	780
a	86	70	2415
a	94	6	1462
a	62	47	1512
a	49	74	2823
a	32	14	4050
a	31	78	3032
a	74	82	4214
a	55	84	3591
a	43	59	944
a	63	52	2611
a	85	7	1139
a	14	61	971
a	72	4	864
a	18	64	4857
a	39	15	3565
a	97	12	4612
a	43	72	2400
a	44	90	3641
a	51	56	4115
a	15	38	1395
a	54	7	1077
a	59	57	1408
a	64	44	2794
a	84	39	4664
a	49	67	2554
a	50	83	4032
a	31	55	3246
a	57	3	2124
a	40	69	2003
a	82	13	1759
a	63	61	1116
a	1	17	1769
a	39	4	4968
a	80	59	2528
a	78	97	1042
a	83	86	1703
a	48	20	3245
a	46	78	1116
a	54	30	3757
a	36	96	2437
a	94	97	1387
a	27	56	2981
a	66	21	1603
a	47	53	4141
a	86	80	636
a	91	7	3034
a	96	74	855
a	84	46	829
a	49	68	4444
a	87	51	1027
a	92	62	1224
a	57	4	855
a	75	94	1527
a	96	57	133
a	60	23	2955
a	8	21	1133
a	28	72	1311
a	36	24	730
a	7	84	4676
a	48	11	2684
a	47	77	3971
a	12	97	3244
a	68	70	2353
a	15	52	2575
a	76	6	3566
a	87	91	4976
a	20	16	1679
a	77	97	1825
a	6	39	3157
a	84	53	2786
a	67	23	917
a	18	26	4593
a	40	51	4055
a	96	48	2162
a	38	89	2824
a	4	89	2363
a	65	93	4956
a	28	71	1200
a	11	57	4734
a	29	79	2837
a	71	35	2039
a	36	7	2725
a	97	23	4392
a	80	41	1204
a	68	77	262
a	15	61	1901
a	76	61	3355
a	24	43	1277
a	88	8	421
a	91	21	4055
a	6	30	2997
a	84	60	874
a	32	42	2239
a	31	34	49
a	89	47	137
a	75	76	2375
a	99	66	4874
a	28	94	1994
a	29	72	2134
a	72	32	1096
a	53	66	3612
a	36	14	2943
a	100	35	2243
a	48	57	3604
a	46	99	3938
a	12	23	1288
a	94	90	4549
a	62	99	1083
a	49	30	385
a	52	61	2709
a	96	95	2736
a	64	8	3520
a	75	69	2460
a	57	31	3186
a	39	91	2195
a	29	65	1129
a	68	44	1233
a	33	6	123
a	54	75	1359
a	39	40	1401
a	7	67	2330
a	51	29	4877
a	56	63	372
a	81	73	4201
a	64	15	1347
a	45	99	1494
a	28	61	2460
a	67	10	145
a	32	56	3400
a	89	57	2345
a	92	2	2392
a	57	32	966
a	7	43	2133
a	63	94	3155
a	33	31	3246
a	61	20	1026
a	51	98	1123
a	15	8	4761
a	73	49	2920
a	19	77	4572
a	20	69	1636
a	76	42	1759
a	23	73	1353
a	6	3	1304
a	64	6	1610
a	25	39	3329
a	28	52	680
a	53	44	573
a	92	25	3869
a	74	99	4979
a	39	73	3597
a	21	19	1675
a	36	59	1637
a	54	69	2543
a	80	21	2947
a	79	71	87
a	16	71	4482
a	15	17	4024
a	37	4	2081
a	94	79	980
a	76	33	267
a	42	81	583
a	62	20	1785
a	92	97	3353
a	20	51	3425
a	96	100	1797
a	60	90	3232
a	23	70	4012
a	64	29	1945
