p	max	100	2500
n	1	s	
n	2	t	
a	89	11	5562
a	39	70	889
a	11	90	4885
a	29	44	8868
a	68	25	6854
a	73	82	6276
a	1	64	7596
a	97	52	7786
a	69	38	9961
a	17	64	8211
a	20	75	7380
a	41	74	386
a	42	88	1195
a	45	61	5848
a	49	58	9446
a	52	17	6231
a	3	2	649
a	8	87	5615
a	64	20	7320
a	45	78	3433
a	28	10	6841
a	31	15	6463
a	89	12	8785
a	70	94	5736
a	75	97	4566
a	7	22	1872
a	29	37	1877
a	11	83	1657
a	16	38	3437
a	54	87	1174
a	1	89	5601
a	97	77	4732
a	80	3	3750
a	88	67	6821
a	19	96	5671
a	76	87	9075
a	24	21	3106
a	45	54	7728
a	66	93	5077
a	67	89	2544
a	87	10	9769
a	91	79	2651
a	23	84	3153
a	99	31	775
a	32	68	993
a	21	46	527
a	78	49	7311
a	8	45	6303
a	46	30	7010
a	33	59	3620
a	72	74	2971
a	73	92	9706
a	41	43	2994
a	5	53	9222
a	98	76	6553
a	61	56	8565
a	83	23	983
a	47	5	9020
a	12	41	8395
a	73	45	1066
a	20	89	5633
a	24	28	9974
a	98	63	4115
a	5	70	3110
a	45	47	8863
a	74	52	400
a	25	3	5062
a	8	69	5309
a	64	98	1142
a	82	52	2682
a	28	24	4066
a	89	30	5344
a	18	98	7161
a	4	17	5782
a	7	4	7089
a	65	5	6720
a	33	60	7196
a	22	30	9571
a	97	95	4198
a	61	49	8683
a	27	65	5139
a	12	32	4736
a	20	96	7903
a	94	43	8020
a	24	99	5863
a	49	45	4930
a	91	93	7617
a	92	69	8769
a	40	99	2210
a	38	9	4593
a	25	4	9504
a	63	19	5375
a	70	67	400
a	71	83	5626
a	95	89	421
a	78	3	778
a	26	45	4488
a	63	96	1971
a	16	11	323
a	79	32	2650
a	66	55	2756
a	69	26	3020
a	52	70	899
a	17	44	4902
a	91	37	813
a	51	76	150
a	37	33	3766
a	45	33	6910
a	84	12	7230
a	91	82	911
a	50	63	7019
a	72	16	5216
a	18	84	3313
a	1	52	1488
a	57	87	918
a	26	52	7900
a	65	23	6205
a	29	9	4025
a	51	36	7775
a	90	9	7732
a	58	62	1003
a	61	67	2399
a	62	83	397
a	47	16	1152
a	30	56	4726
a	17	37	6647
a	59	21	370
a	77	67	7041
a	62	34	6906
a	30	75	1949
a	55	65	465
a	95	62	2795
a	82	33	9631
a	33	86	228
a	53	27	6298
a	78	13	4987
a	26	63	546
a	100	26	7093
a	29	2	561
a	51	45	9503
a	19	20	2179
a	88	38	3379
a	51	90	2657
a	34	62	3726
a	15	64	5670
a	52	84	5349
a	55	41	5051
a	94	28	8814
a	42	46	8610
a	13	42	443
a	35	5	2186
a	74	40	9776
a	96	21	6084
a	82	24	1480
a	50	49	4971
a	22	75	6855
a	46	61	8918
a	69	100	4295
a	51	50	2569
a	54	13	1469
a	41	8	7919
a	5	18	8476
a	83	56	6395
a	30	42	9839
a	86	71	3135
a	23	25	367
a	62	44	2005
a	70	28	3231
a	96	44	3717
a	95	44	908
a	60	2	5517
a	43	58	4760
a	99	41	8571
a	11	21	8405
a	85	6	6652
a	29	99	9475
a	18	65	6032
a	58	88	8162
a	7	97	9429
a	83	80	1571
a	48	30	1719
a	68	81	9608
a	76	17	700
a	5	27	8069
a	79	4	9858
a	62	68	4169
a	66	27	6536
a	87	68	5062
a	76	96	5853
a	24	70	3577
a	84	32	9175
a	70	23	1798
a	35	51	4010
a	95	21	8608
a	85	15	980
a	39	7	3201
a	80	60	4286
a	83	89	6474
a	48	21	3716
a	73	19	2873
a	36	97	6417
a	5	4	1364
a	62	79	6745
a	30	20	5352
a	52	33	161
a	59	49	9824
a	24	77	2991
a	6	45	1708
a	38	39	9647
a	3	67	6144
a	96	58	2634
a	95	18	8947
a	60	16	7312
a	64	83	5265
a	65	91	4173
a	72	51	7170
a	71	37	7826
a	22	92	1072
a	80	51	3436
a	61	15	3644
a	47	76	8376
a	41	99	6851
a	9	74	5718
a	34	66	674
a	91	31	3228
a	59	54	3029
a	42	2	8395
a	25	74	9050
a	64	59	6529
a	10	43	2579
a	84	54	2098
a	50	66	7089
a	89	37	4852
a	18	27	1227
a	40	52	4884
a	3	72	2521
a	95	27	2525
a	28	64	5378
a	29	78	2255
a	14	23	498
a	71	34	7290
a	1	98	4086
a	97	22	7682
a	61	8	5858
a	44	64	2155
a	46	89	5825
a	51	14	6830
a	19	57	5187
a	93	66	5483
a	76	62	3462
a	24	44	5942
a	79	19	639
a	86	99	5478
a	87	83	4143
a	35	89	7080
a	56	50	6821
a	96	89	8599
a	24	91	7385
a	42	13	9419
a	92	13	219
a	75	79	326
a	4	65	8118
a	100	93	2842
a	63	43	3594
a	7	52	5753
a	89	95	7655
a	53	65	9156
a	71	27	4521
a	46	96	2852
a	48	58	8456
a	88	97	3271
a	56	74	44
a	76	53	9418
a	94	91	8854
a	98	6	8307
a	79	24	7380
a	62	96	6406
a	59	68	1348
a	60	78	4350
a	81	87	1511
a	67	4	8048
a	13	64	7145
a	35	47	8063
a	92	4	4228
a	57	30	2077
a	38	72	640
a	40	34	4929
a	4	72	4647
a	99	74	2206
a	8	11	935
a	65	46	1989
a	63	80	4566
a	11	54	4596
a	85	35	4697
a	53	74	5662
a	22	97	8331
a	78	66	5954
a	61	26	2313
a	7	66	4683
a	86	2	6696
a	51	28	9276
a	69	74	9373
a	19	71	4376
a	37	17	9850
a	93	84	9810
a	27	7	9041
a	49	22	2062
a	74	22	8697
a	25	93	4457
a	81	72	5031
a	82	86	1767
a	23	51	7441
a	45	98	1777
a	32	57	5155
a	40	41	6080
a	63	89	8800
a	65	39	7629
a	29	89	3239
a	68	20	7352
a	90	89	7744
a	97	57	5464
a	80	31	9996
a	61	19	1156
a	86	5	9989
a	15	11	4834
a	56	88	3939
a	5	97	4812
a	81	48	1771
a	45	91	1615
a	28	53	4921
a	32	48	5037
a	31	24	9075
a	53	43	5803
a	92	26	521
a	100	74	9969
a	29	82	2686
a	90	32	5155
a	53	92	337
a	1	78	6922
a	80	22	6985
a	79	70	6791
a	69	60	7267
a	15	16	3378
a	19	85	6403
a	37	3	4226
a	41	64	1933
a	98	19	1943
a	27	21	2714
a	34	97	5947
a	74	24	482
a	77	61	2877
a	45	84	5451
a	84	81	894
a	14	75	6046
a	4	37	1897
a	7	24	9146
a	65	49	5349
a	68	26	5061
a	16	32	9980
a	72	93	6155
a	90	43	7133
a	58	16	5426
a	41	56	665
a	22	10	4178
a	9	7	168
a	48	38	8611
a	34	9	9651
a	15	25	2774
a	17	71	3167
a	52	99	6103
a	37	12	2246
a	62	28	5168
a	13	19	913
a	87	12	6780
a	74	3	8191
a	59	96	9688
a	60	82	9553
a	25	48	1878
a	99	25	5246
a	45	77	789
a	50	24	1358
a	78	47	4715
a	7	17	1874
a	90	50	3094
a	93	7	1376
a	58	27	7909
a	41	33	4737
a	78	94	620
a	79	84	6058
a	44	26	7622
a	83	17	8291
a	76	80	4035
a	94	62	573
a	5	92	8889
a	81	27	9400
a	6	90	3345
a	49	50	6081
a	25	57	1782
a	99	30	9098
a	85	95	2103
a	50	19	8486
a	14	85	441
a	89	20	9823
a	1	32	4640
a	40	5	9264
a	21	45	2506
a	78	54	1419
a	11	75	6427
a	12	91	7776
a	90	61	470
a	36	81	7923
a	54	47	61
a	1	81	9443
a	5	52	9362
a	83	22	6022
a	66	34	3439
a	12	42	8495
a	51	65	420
a	94	33	7946
a	45	46	8837
a	66	85	3472
a	13	5	7233
a	74	53	4555
a	96	10	2255
a	60	96	9639
a	25	2	2779
a	8	70	6801
a	82	53	5381
a	28	25	2921
a	50	10	4650
a	33	66	1453
a	70	73	6562
a	75	30	3034
a	40	12	2670
a	95	83	11
a	78	57	6764
a	65	4	3781
a	16	21	8786
a	36	88	5603
a	22	31	1281
a	27	64	9572
a	83	31	3724
a	12	33	3083
a	51	70	722
a	59	6	7323
a	42	50	3870
a	24	100	6608
a	45	39	4879
a	10	27	9753
a	70	49	3842
a	91	92	8244
a	74	60	6749
a	25	11	3069
a	70	64	9262
a	58	69	9830
a	21	63	7205
a	46	41	4155
a	73	77	5222
a	27	89	3592
a	30	54	8968
a	17	35	4232
a	91	36	5004
a	25	99	6139
a	84	13	8561
a	67	79	5979
a	35	22	6266
a	91	85	7884
a	55	75	9657
a	82	39	6998
a	63	27	9342
a	50	60	6694
a	71	75	794
a	18	85	9129
a	21	56	7193
a	26	53	1403
a	54	48	3052
a	41	29	7162
a	98	86	3278
a	69	2	8443
a	94	26	8721
a	77	66	5198
a	23	10	9315
a	45	25	5635
a	10	13	9298
a	49	94	6584
a	13	48	1410
a	70	35	4479
a	74	46	7019
a	40	82	665
a	60	13	7579
a	82	30	3278
a	71	64	5482
a	18	76	8025
a	53	26	1190
a	57	95	6120
a	58	87	3829
a	39	27	9439
a	78	18	2565
a	26	60	4948
a	83	69	589
a	37	65	3417
a	22	32	2756
a	5	40	7082
a	79	49	1596
a	62	91	6698
a	66	6	9731
a	30	32	2212
a	15	67	2415
a	94	29	9464
a	6	57	5965
a	50	95	4970
a	31	67	5838
a	70	26	4040
a	18	52	2422
a	74	41	4499
a	96	22	7557
a	25	30	3945
a	99	35	24
a	63	9	9113
a	11	31	1645
a	18	71	396
a	57	96	168
a	75	58	4718
a	22	72	768
a	78	21	7732
a	44	93	2759
a	48	24	1516
a	22	59	3716
a	79	62	6842
a	9	86	5350
a	27	44	2799
a	88	46	1436
a	87	78	3807
a	52	92	4455
a	15	72	443
a	59	34	2724
a	42	22	7201
a	23	24	9217
a	6	48	875
a	45	11	8710
a	10	63	4415
a	84	26	2485
a	31	72	8411
a	38	42	4723
a	82	16	187
a	11	20	4742
a	85	5	6525
a	50	41	6993
a	29	98	9857
a	58	89	5467
a	39	9	584
a	97	2	8262
a	78	28	2086
a	80	70	5091
a	26	14	3841
a	68	82	7719
a	51	58	1993
a	15	32	684
a	22	50	6061
a	47	46	2763
a	30	18	1831
a	34	49	6850
a	55	62	9750
a	94	15	4877
a	24	71	3304
a	23	17	4885
a	6	43	7679
a	64	46	6636
a	45	4	1762
a	50	81	1900
a	87	52	2994
a	3	93	8440
a	60	26	1991
a	8	16	9295
a	11	13	9570
a	50	32	9016
a	89	75	3288
a	36	19	6904
a	58	96	8402
a	7	89	4084
a	48	22	8141
a	51	3	7807
a	36	98	1112
a	93	79	6835
a	76	9	1526
a	47	55	4749
a	87	92	1996
a	56	37	1095
a	3	53	605
a	59	48	2677
a	64	37	6474
a	10	33	7945
a	32	30	96
a	14	98	1691
a	70	15	5616
a	57	10	7193
a	3	66	5078
a	4	92	3236
a	64	84	6710
a	65	90	7625
a	89	76	4800
a	90	66	3394
a	22	93	1196
a	61	14	6360
a	44	74	3262
a	100	63	4497
a	46	87	3706
a	93	72	2685
a	41	98	9589
a	24	38	1022
a	5	12	3842
a	34	67	1506
a	35	83	3740
a	20	18	4109
a	64	60	35
a	84	55	510
a	67	25	5399
a	92	55	8614
a	75	73	1887
a	96	50	9405
a	4	91	7544
a	43	32	4818
a	7	62	3473
a	65	83	4453
a	11	59	1215
a	85	16	210
a	33	10	3822
a	72	59	6953
a	47	84	4790
a	51	17	4680
a	17	97	6701
a	73	28	2381
a	79	18	8864
a	88	10	5360
a	86	96	1856
a	56	51	6535
a	55	5	6374
a	59	78	9995
a	81	93	5457
a	6	28	9087
a	32	44	9719
a	13	70	3144
a	89	45	7588
a	35	41	5971
a	18	19	9755
a	92	14	9384
a	21	6	1834
a	99	68	8578
a	100	94	2788
a	65	84	8225
a	28	88	6429
a	63	42	6614
a	85	25	6462
a	53	64	8969
a	36	8	9485
a	97	46	1994
a	47	93	6333
a	12	17	7938
a	69	64	1052
a	15	4	8920
a	73	5	9107
a	56	75	7472
a	88	17	5144
a	20	32	7219
a	25	91	1289
a	6	23	2402
a	23	53	9091
a	81	86	5571
a	32	35	1576
a	89	54	2692
a	92	5	7865
a	21	15	178
a	95	8	2644
a	8	12	4154
a	11	41	4875
a	68	46	8918
a	90	95	564
a	53	73	1684
a	36	55	590
a	54	73	819
a	93	34	8525
a	58	4	3004
a	78	67	4126
a	9	19	5799
a	56	82	6797
a	37	16	3007
a	93	83	1954
a	24	59	3951
a	98	30	808
a	27	6	7184
a	35	70	1616
a	74	23	8698
a	77	10	800
a	59	92	6065
a	25	92	2731
a	60	70	6383
a	82	87	2396
a	84	76	8475
a	31	18	1300
a	57	38	865
a	40	42	1193
a	38	64	5734
a	43	23	9302
a	8	51	9998
a	72	80	4813
a	78	74	5220
a	48	41	9536
a	69	50	3052
a	17	84	2437
a	98	25	8214
a	62	19	6183
a	66	78	787
a	67	100	5534
a	88	31	9823
a	74	30	4122
a	3	22	6832
a	23	75	1610
a	64	24	224
a	28	54	4195
a	84	75	3593
a	85	67	3095
a	14	65	2312
a	57	47	6016
a	40	17	8151
a	21	17	2452
a	4	63	6708
a	7	34	68
a	11	39	6409
a	68	28	5211
a	72	87	5049
a	1	77	9834
a	69	59	7681
a	73	56	5906
a	37	2	3375
a	98	16	2572
a	81	40	9815
a	66	73	7297
a	13	25	9331
a	92	99	4860
a	77	60	5460
a	23	64	824
a	64	31	8430
a	32	72	3328
a	89	9	5527
a	57	48	7717
a	40	24	1682
a	39	64	356
a	4	38	9907
a	43	5	2307
a	63	78	3630
a	29	42	5553
a	90	40	1813
a	54	82	4487
a	80	14	5467
a	61	36	4825
a	69	36	3293
a	17	70	5829
a	73	33	1911
a	81	33	8313
a	62	29	2888
a	67	82	8577
a	87	15	2708
a	91	72	1538
a	23	89	2488
a	8	89	8343
a	64	22	4634
a	28	4	7111
a	13	99	3619
a	89	18	153
a	1	46	5541
a	21	35	3671
a	7	16	73
a	11	85	5125
a	90	51	2512
a	41	32	4895
a	83	16	1556
a	69	45	8810
a	20	92	820
a	6	91	1824
a	31	97	4762
a	3	13	4546
a	77	46	6121
a	82	59	6577
a	45	69	1146
a	84	96	5041
a	85	94	3848
a	50	16	7284
a	14	90	6783
a	70	87	5312
a	57	66	2053
a	21	44	5943
a	95	85	8412
a	78	55	2188
a	48	70	285
a	33	57	8499
a	72	76	137
a	90	58	3001
a	73	66	6723
a	1	80	9590
a	58	35	7195
a	22	5	6149
a	9	48	1487
a	83	25	4038
a	20	91	665
a	76	72	1385
a	94	38	4108
a	81	19	1779
a	62	15	2698
a	30	84	6775
a	13	4	2542
a	87	29	6906
a	70	63	7416
a	92	72	7055
a	38	20	4705
a	8	71	320
a	82	50	3818
a	32	93	6708
a	33	65	4942
a	14	93	1793
a	70	78	548
a	71	84	1996
a	53	14	8287
a	4	19	9940
a	65	27	5589
a	36	89	2192
a	37	85	6045
a	58	42	8364
a	98	69	7041
a	79	37	7522
a	9	57	3842
a	83	30	5227
a	12	34	3830
a	88	83	9605
a	69	31	3214
a	76	71	6627
a	77	79	546
a	42	51	6432
a	5	77	112
a	6	85	9821
a	62	54	7734
a	84	7	1518
a	30	95	2458
a	87	26	4415
a	70	54	6654
a	74	61	5675
a	25	10	3988
a	8	78	1845
a	82	45	9732
a	85	96	1917
a	70	65	7746
a	1	49	9778
a	75	22	385
a	39	100	4130
a	80	91	832
a	63	98	8267
a	97	86	3935
a	79	34	8311
a	9	34	9687
a	66	53	6119
a	30	55	5525
a	51	78	5936
a	34	42	9661
a	59	30	2507
a	42	58	366
a	62	57	3194
a	10	3	5067
a	38	6	5693
a	99	52	4835
a	53	16	3660
a	1	10	2856
a	75	15	646
a	21	71	4574
a	39	29	7689
a	51	38	4944
a	16	4	3955
a	54	49	7032
a	36	79	746
a	19	17	3716
a	58	60	8752
a	83	44	5322
a	86	75	4290
a	52	79	617
a	17	27	8674
a	67	55	4802
a	13	47	2669
a	38	57	6006
a	63	3	3942
a	11	25	1882
a	72	25	2782
a	57	94	9333
a	58	84	3766
a	21	64	5550
a	4	8	8678
a	26	61	9132
a	100	4	6137
a	48	98	5067
a	47	27	564
a	30	33	7727
a	69	10	7419
a	34	60	9344
a	15	66	2093
a	91	53	2833
a	59	44	7236
a	23	2	1475
a	6	62	1678
a	70	27	6006
a	8	99	8126
a	82	22	236
a	53	98	6001
a	97	8	1714
a	22	73	2478
a	78	26	3313
a	83	77	9652
a	48	25	2228
a	69	98	8390
a	54	3	2873
a	19	31	9617
a	76	20	350
a	41	14	3933
a	22	56	8987
a	27	47	3965
a	30	40	1160
a	86	69	33
a	34	55	8272
a	15	75	4661
a	52	93	7917
a	45	10	8474
a	84	27	6957
a	49	79	1132
a	70	18	5901
a	3	87	3282
a	82	17	8627
a	11	23	307
a	85	4	2669
a	72	7	3410
a	71	49	6463
a	22	64	7487
a	83	82	7340
a	10	84	3026
a	52	36	4289
a	24	72	9596
a	42	30	6741
a	64	47	3610
a	32	24	9959
a	87	55	6037
a	92	34	2670
a	75	90	8041
a	38	34	2590
a	95	23	5423
a	60	27	3521
a	99	80	9879
a	8	17	475
a	85	13	7154
a	71	46	8922
a	78	100	7607
a	43	66	5820
a	44	76	7760
a	7	88	3655
a	24	32	2807
a	5	2	48
a	88	61	9145
a	86	87	656
a	52	35	7614
a	96	77	139
a	59	51	2614
a	24	79	2372
a	23	41	6770
a	25	71	8821
a	81	98	8123
a	10	46	5864
a	31	57	9662
a	14	99	7953
a	63	39	8656
a	85	22	9802
a	14	18	2581
a	71	39	8807
a	75	32	9886
a	26	17	3681
a	12	28	7503
a	69	93	7613
a	73	26	4115
a	41	97	7951
a	24	39	7824
a	79	20	644
a	3	61	7631
a	77	30	5544
a	59	72	2871
a	25	72	1882
a	84	48	7031
a	67	24	1575
a	75	72	9596
a	60	41	7354
a	43	35	6876
a	99	94	1803
a	28	66	9691
a	72	60	5492
a	53	70	5007
a	39	55	4888
a	22	85	5431
a	100	39	3040
a	48	5	2577
a	69	70	2805
a	17	96	7022
a	73	3	524
a	76	56	570
a	91	22	3478
a	56	52	7146
a	20	26	3684
a	59	65	645
a	64	52	1250
a	35	40	6024
a	57	27	604
a	99	71	1793
a	100	95	3522
a	63	85	2518
a	65	43	8706
a	89	93	4221
a	14	28	4646
a	53	79	9346
a	90	85	157
a	97	45	1864
a	100	46	7780
a	17	89	867
a	15	7	8453
a	56	76	3531
a	73	4	5492
a	93	89	3088
a	19	64	5790
a	41	83	146
a	42	99	4753
a	98	4	5144
a	35	64	7974
a	23	52	1907
a	25	90	4983
a	32	36	6971
a	31	20	9981
a	89	53	5778
a	40	36	8129
a	60	63	4085
a	33	27	1258
a	90	92	1861
a	78	64	799
a	19	73	2668
a	76	46	650
a	35	73	6090
a	3	16	6133
a	59	95	1961
a	81	78	2303
a	64	2	9831
a	31	29	6779
a	89	62	2781
a	92	29	4906
a	40	43	3799
a	4	49	788
a	43	22	4323
a	63	91	4208
a	65	37	3202
a	11	33	905
a	29	87	7338
a	85	42	6704
a	72	81	7861
a	53	81	8473
a	39	34	161
a	78	75	4612
a	61	17	7828
a	48	42	6233
a	47	98	4692
a	73	54	8647
a	41	93	4775
a	42	85	5716
a	98	22	5554
a	24	3	9092
a	62	16	6823
a	13	31	801
a	52	14	9806
a	35	78	3704
a	81	71	4928
a	28	55	1372
a	14	70	518
a	21	16	856
a	78	35	5765
a	8	59	9924
a	85	51	1793
a	68	29	4418
a	72	88	8221
a	36	38	3710
a	80	8	5302
a	78	82	5965
a	44	38	9346
a	83	5	2226
a	12	63	9484
a	66	70	9016
a	74	6	4898
a	3	30	6333
a	40	25	2145
a	39	67	6963
a	78	42	7912
a	43	4	4043
a	29	41	4163
a	54	83	2386
a	1	69	146
a	58	30	8699
a	41	62	5175
a	97	73	4836
a	26	71	7516
a	12	54	8395
a	15	27	9258
a	17	69	4597
a	76	91	7067
a	94	53	4347
a	42	71	7338
a	6	97	3952
a	62	2	9236
a	66	65	1193
a	87	14	7236
a	52	28	3632
a	55	97	6611
a	38	27	7445
a	59	98	1037
a	23	88	1605
a	82	65	63
a	45	75	7415
a	84	90	4983
a	32	64	70
a	70	93	5546
a	21	34	3960
a	16	25	6910
a	72	70	6718
a	58	25	1464
a	97	66	74
a	79	86	1786
a	9	14	4708
a	86	44	650
a	98	35	713
a	81	25	6809
a	74	8	1425
a	8	65	2482
a	50	17	6796
a	33	79	9056
a	32	71	6431
a	70	84	4268
a	14	91	9142
a	89	26	1753
a	95	84	5895
a	26	38	6607
a	11	77	3602
a	12	85	7940
a	68	10	4079
a	90	59	250
a	73	65	5312
a	93	30	8953
a	97	91	15
a	98	75	3405
a	79	95	9849
a	47	6	7074
a	12	36	9539
a	88	77	74
a	69	21	9615
a	17	55	981
a	91	40	7847
a	77	85	1109
a	24	31	6366
a	91	89	3560
a	77	38	2229
a	75	16	4575
a	38	100	5710
a	46	36	6593
a	16	23	1563
a	90	2	3350
a	36	90	4196
a	37	84	939
a	93	23	3042
a	58	43	4490
a	83	33	8102
a	91	33	2822
a	98	53	7772
a	70	55	2607
a	91	94	9435
a	82	42	7344
a	100	23	4863
a	12	75	9521
a	41	26	3669
a	26	91	3741
a	51	81	6033
a	34	43	9367
a	52	65	3360
a	56	4	4998
a	25	97	9187
a	81	12	7846
a	70	46	9654
a	91	87	2417
a	92	95	2530
a	38	7	8547
a	25	18	3233
a	82	37	6228
a	50	58	1569
a	72	19	5480
a	53	31	1692
a	18	83	1418
a	75	14	9098
a	4	2	5884
a	43	89	1160
a	26	51	8027
a	12	66	1777
a	51	41	8416
a	16	5	1505
a	36	72	2015
a	19	16	8737
a	5	45	1384
a	86	72	5554
a	52	72	5965
a	15	68	9933
a	91	63	3512
a	6	68	3773
a	62	33	3756
a	67	54	1197
a	13	46	8783
a	87	43	1299
a	74	44	3219
a	92	86	2727
a	95	59	3485
a	82	28	8453
a	64	74	4844
a	63	2	3331
a	32	99	3138
a	14	55	9756
a	18	74	4663
a	1	2	8242
a	58	85	5251
a	39	21	9346
a	43	94	5455
a	22	38	2051
a	61	89	9183
a	83	52	5918
a	66	4	1798
a	52	87	928
a	91	52	5768
a	94	3	5773
a	67	63	4932
a	31	77	9790
a	13	39	4093
a	96	40	284
a	25	28	2118
a	11	17	5820
a	50	44	7046
a	53	97	3453
a	39	18	559
a	78	27	9186
a	100	12	8464
a	29	24	7309
a	37	72	3069
a	87	72	803
a	52	94	6781
a	17	20	1073
a	56	25	1714
a	94	10	1623
a	76	100	7063
a	24	66	3200
a	23	26	5890
a	67	36	9096
a	87	57	1855
a	18	45	8507
a	74	94	5737
a	71	48	2696
a	36	22	5243
a	75	53	8681
a	78	98	3191
a	100	11	2863
a	51	60	7617
a	76	12	6955
a	22	48	8133
a	98	97	6930
a	34	79	5824
a	15	83	3806
a	91	2	3109
a	24	73	8543
a	42	31	8813
a	6	41	896
a	3	95	9454
a	95	22	8849
a	43	52	7629
a	8	18	4854
a	28	77	1775
a	85	12	3197
a	68	52	2057
a	54	99	9080
a	75	42	1145
a	43	69	1072
a	68	91	2089
a	69	83	8950
a	79	14	6941
a	27	60	9349
a	66	17	1848
a	86	84	7542
a	34	70	7371
a	17	6	1316
a	91	27	7710
a	55	49	7124
a	3	55	7105
a	24	80	1855
a	25	70	4228
a	6	32	7158
a	50	70	4066
a	35	61	8167
a	57	8	3463
a	95	31	7812
a	85	21	806
a	68	51	8653
a	89	82	2168
a	71	38	4044
a	75	35	9004
a	39	57	1000
a	46	85	1155
a	51	10	7947
a	69	92	2336
a	19	53	1675
a	93	70	4135
a	37	99	5209
a	41	96	6997
a	88	5	9275
a	34	65	2868
a	24	87	7554
a	23	33	5230
a	6	27	9653
a	64	62	1176
a	31	33	779
a	35	34	6815
a	18	22	877
a	99	65	4089
a	63	47	7510
a	28	67	7499
a	68	58	2048
a	90	75	9975
a	72	61	7883
a	53	69	6708
a	61	5	8165
a	44	67	943
a	48	6	9582
a	68	73	7986
a	15	57	1977
a	19	58	5918
a	93	95	7337
a	30	5	3882
a	88	12	2566
a	35	90	6509
a	24	94	7727
a	89	51	6282
a	95	13	9983
a	8	7	3658
a	100	88	7026
a	85	39	9409
a	53	78	5077
a	71	20	3655
a	80	36	2653
a	26	96	6148
a	100	47	8742
a	7	70	35
a	93	88	6930
a	76	48	6189
a	41	82	767
a	81	59	6589
a	30	12	1849
a	56	60	3737
a	96	83	8499
a	59	89	91
a	25	89	6696
a	23	55	8818
a	84	71	3581
a	32	37	7561
a	53	38	6416
a	60	56	6399
a	43	16	9207
a	99	79	1797
a	65	35	8136
a	63	93	2317
a	29	93	2529
a	90	93	6874
a	97	37	5823
a	44	49	5577
a	69	55	9936
a	51	97	2302
a	17	81	7068
a	56	84	2141
a	27	24	4823
a	9	98	768
a	67	97	6693
a	88	26	5604
a	35	72	2882
a	3	19	2679
a	59	94	5338
a	60	64	1672
a	25	34	3566
a	82	85	2630
a	49	100	7130
a	40	44	3483
a	39	76	3496
a	21	22	8178
a	60	55	9843
a	8	53	9337
a	48	92	6788
a	68	23	211
a	36	56	988
a	86	24	1729
a	69	48	1455
a	37	7	8074
a	92	21	447
a	57	45	3419
a	43	14	6615
a	48	83	9394
a	90	47	4528
a	58	20	7439
a	9	3	9096
a	17	67	1693
a	19	86	759
a	76	93	3539
a	98	46	6321
a	27	22	9011
a	10	98	1011
a	49	5	9456
a	99	21	5012
a	82	71	6590
a	50	28	3996
a	31	2	389
a	14	78	7388
a	89	15	8029
a	53	49	9035
a	1	43	8338
a	21	24	4333
a	43	7	6708
a	63	72	1087
a	29	40	2468
a	85	59	8332
a	72	64	6449
a	41	61	7064
a	78	90	3139
a	79	72	7856
a	26	68	3544
a	9	4	5550
a	15	26	366
a	17	68	479
a	94	58	4024
a	81	39	6409
a	66	94	4528
a	87	9	1769
a	52	29	5026
a	3	6	6887
a	8	91	2395
a	28	6	1661
a	32	65	8795
a	31	11	7032
a	21	33	5876
a	7	18	5983
a	65	15	4834
a	72	71	3004
a	54	43	1610
a	93	4	6674
a	41	38	6458
a	12	46	5830
a	34	31	4155
a	17	61	1889
a	19	100	943
a	98	32	3534
a	49	55	7588
a	67	93	8224
a	35	100	7317
a	91	67	3519
a	77	44	5183
a	45	67	4054
a	70	85	8973
a	57	64	7259
a	4	22	8138
a	95	87	9729
a	46	34	7839
a	68	11	4453
a	54	34	7598
a	93	29	3567
a	58	33	5156
a	41	47	3582
a	61	52	4118
a	79	94	367
a	27	76	2058
a	83	27	834
a	88	78	4107
a	76	74	9487
a	77	84	158
a	98	59	6981
a	10	31	21
a	67	66	2720
a	40	96	553
a	28	20	396
a	33	71	8052
a	14	35	7193
a	53	12	4957
a	1	62	5984
a	46	37	684
a	11	69	3811
a	12	77	9289
a	93	22	8835
a	58	40	675
a	98	67	664
a	9	63	3531
a	47	14	5288
a	88	85	9628
a	91	32	690
a	98	50	9139
a	67	75	4099
a	49	33	182
a	31	81	6149
a	96	4	8668
a	95	52	1055
a	25	8	1630
a	63	31	3798
a	21	60	1271
a	95	69	1162
a	65	18	88
a	46	44	2161
a	41	25	8560
a	22	21	6411
a	98	90	890
a	61	70	8470
a	26	88	9111
a	27	90	2560
a	44	2	6023
a	69	6	8655
a	51	80	8276
a	17	32	7510
a	59	16	4631
a	42	56	2611
a	81	3	3548
a	84	8	8507
a	30	68	362
a	31	94	9095
a	70	47	2763
a	3	98	9647
a	99	54	5458
a	14	45	3732
a	90	98	3478
a	68	96	3824
a	51	40	2581
a	5	44	1075
a	62	87	1727
a	66	10	2406
a	47	28	4205
a	51	89	2958
a	56	12	8875
a	42	35	7693
a	10	8	842
a	84	23	1862
a	30	79	7437
a	92	87	3987
a	82	29	769
a	28	97	4058
a	11	27	93
a	14	52	5344
a	72	27	4469
a	39	20	6619
a	80	75	842
a	43	81	8606
a	26	59	5107
a	48	100	1400
a	54	14	1059
a	41	11	2797
a	62	94	3615
a	9	82	3479
a	88	42	2767
a	86	64	7411
a	34	58	4966
a	56	19	160
a	23	28	7282
a	62	41	2776
a	45	15	3003
a	84	30	9364
a	49	84	4349
a	87	35	5856
a	92	46	8878
a	74	84	3729
a	55	90	1027
a	50	45	2947
a	71	58	3504
a	1	26	3561
a	75	63	4528
a	58	93	3626
a	21	87	7547
a	26	2	1346
a	44	88	5348
a	88	49	1557
a	86	91	3665
a	56	26	3921
a	6	55	7505
a	64	42	8428
a	45	8	9175
a	55	83	6503
a	40	67	3911
a	3	89	2335
a	11	9	7599
a	85	2	6823
a	71	51	5748
a	36	23	4802
a	80	57	8713
a	44	87	9165
a	83	84	8696
a	48	18	6187
a	27	38	3506
a	10	82	8083
a	30	17	6114
a	15	82	8848
a	56	33	7002
a	20	15	9777
a	6	46	2793
a	84	44	7224
a	32	26	3563
a	13	88	9461
a	87	49	3545
a	35	55	9441
a	18	37	8059
a	82	6	2383
a	28	78	3722
a	11	14	9551
a	14	9	2751
a	71	40	5240
a	39	3	5922
a	22	89	585
a	44	78	6691
a	83	93	7832
a	48	9	6637
a	93	76	8671
a	10	93	1935
a	30	24	5096
a	87	89	8325
a	52	45	4175
a	91	26	6881
a	59	53	8183
a	42	7	5993
a	81	96	8622
a	6	33	7807
a	67	21	9032
a	89	32	8272
a	40	49	6684
a	64	87	7303
a	28	69	7346
a	11	7	6353
a	72	55	8772
a	71	33	8725
a	36	5	2854
a	39	56	2780
a	80	55	6900
a	7	83	1113
a	46	90	6550
a	47	72	1234
a	16	89	7816
a	15	51	5743
a	93	69	3884
a	24	41	4804
a	5	9	6007
a	10	68	4103
a	88	6	1276
a	87	86	8389
a	96	70	6883
a	77	28	9331
a	24	88	2054
a	67	26	726
a	13	74	9532
a	92	50	5653
a	4	70	1576
a	60	43	2998
a	29	74	1438
a	89	90	6308
a	53	68	4742
a	36	12	9782
a	39	49	688
a	80	46	5426
a	61	4	1525
a	46	93	1996
a	69	68	5473
a	56	71	4800
a	19	61	2210
a	79	31	1035
a	66	96	7467
a	49	24	9914
a	35	93	9393
a	56	54	3660
a	96	93	9348
a	59	67	9844
a	24	95	9855
a	25	87	8045
a	89	50	8893
a	40	63	7589
a	21	3	9418
a	39	89	1074
a	43	26	232
a	29	67	8413
a	85	38	8917
a	68	34	2846
a	16	56	8831
a	71	23	1913
a	36	11	5492
a	39	46	5983
a	80	37	9564
a	44	59	2282
a	26	97	5957
a	48	62	1769
a	46	100	9655
a	42	97	1232
a	81	58	5719
a	62	100	5866
a	27	2	8328
a	35	66	1097
a	91	97	5447
a	56	61	9848
a	60	74	8683
a	23	54	1769
a	28	35	8670
a	32	38	5847
a	18	9	4011
a	38	76	8944
a	39	86	7855
a	4	52	8032
a	99	78	2545
a	65	34	6701
a	29	92	3961
a	85	47	7774
a	68	41	9355
a	72	44	7993
a	86	6	6532
a	37	29	6602
a	94	70	913
a	41	90	7943
a	98	29	2499
a	88	27	491
a	74	18	6731
a	28	58	9192
a	84	79	545
a	89	60	3871
a	39	79	600
a	60	48	888
a	63	69	6379
a	11	35	3920
a	85	40	9011
a	16	54	5799
a	90	37	4245
a	97	61	3878
a	78	73	7943
a	79	69	614
a	73	52	7890
a	56	92	6955
a	42	83	3343
a	98	20	5893
a	20	49	20
a	96	98	6074
a	60	88	4137
a	81	69	3382
a	82	77	483
a	31	4	3276
a	57	44	1315
a	78	33	6633
a	65	60	4794
a	11	88	614
a	33	43	5189
a	90	44	1212
a	1	66	8484
a	69	56	3560
a	34	10	1224
a	56	99	9313
a	20	73	2888
a	94	48	3471
a	98	47	2289
a	66	68	1997
a	23	93	1979
a	8	85	8569
a	45	80	7862
a	43	6	1216
a	8	36	6855
a	7	20	8517
a	11	81	4701
a	29	39	4799
a	72	65	5024
a	36	47	5682
a	58	28	9120
a	41	60	9012
a	78	91	2075
a	83	12	6199
a	66	44	8516
a	86	43	6788
a	73	38	1603
a	20	80	7915
a	24	19	4218
a	98	38	2679
a	13	15	9194
a	99	29	4920
a	13	96	9087
a	53	57	9218
a	71	99	822
a	1	35	7653
a	7	13	37
a	68	13	6296
a	73	94	7959
a	41	37	7883
a	61	58	5222
a	44	22	4228
a	86	34	3785
a	73	47	1633
a	37	49	3338
a	81	31	7492
a	62	11	1781
a	10	21	8695
a	31	98	2888
a	13	8	8792
a	82	54	9254
a	45	66	9972
a	85	91	4329
a	50	15	9633
a	14	89	6919
a	70	74	8403
a	89	24	5623
a	57	71	7011
a	38	99	4733
a	26	36	4560
a	7	10	8728
a	46	35	5619
a	29	57	1724
a	12	87	1018
a	33	62	1975
a	41	46	4461
a	79	89	3554
a	51	69	4880
a	69	19	80
a	91	42	9509
a	37	58	481
a	77	83	369
a	59	5	3324
a	62	50	9844
a	45	42	4409
a	66	81	6576
a	49	47	3614
a	92	75	847
a	77	36	6326
a	99	11	4720
a	85	100	9158
a	14	32	9174
a	18	95	8534
a	57	72	4243
a	21	50	6865
a	7	3	314
a	65	24	5760
a	46	42	6609
a	33	55	3203
a	37	82	801
a	19	4	5896
a	22	19	6717
a	26	94	2204
a	9	62	4716
a	83	35	1823
a	30	51	1267
a	52	68	4092
a	34	46	5257
a	94	44	2473
a	49	32	8349
a	70	53	5473
a	91	80	1973
a	55	78	1396
a	25	15	2256
a	65	96	463
a	63	30	7478
a	1	54	1421
a	57	81	8363
a	39	97	6491
a	65	17	116
a	19	13	8461
a	79	47	4930
a	9	39	3304
a	47	22	3470
a	30	58	4568
a	88	93	8905
a	59	19	4504
a	23	9	216
a	6	67	982
a	62	60	6751
a	45	28	3078
a	81	2	2065
a	31	89	9867
a	13	51	5296
a	92	89	4418
a	55	71	1389
a	25	16	1443
a	82	35	2389
a	63	7	850
a	57	90	5609
a	58	72	150
a	4	12	9827
a	80	85	1685
a	43	91	1158
a	68	97	9427
a	54	52	4136
a	62	84	3631
a	27	82	3079
a	59	40	4245
a	23	6	2387
a	6	58	5984
a	45	21	2506
a	84	16	4990
a	49	82	9853
a	13	44	7327
a	92	80	8841
a	60	9	785
a	82	26	2660
a	63	12	5096
a	50	51	4153
a	14	53	3127
a	58	83	8270
a	21	77	177
a	4	11	2891
a	78	22	7835
a	43	80	1567
a	44	98	5122
a	26	56	9992
a	51	48	2265
a	73	99	5537
a	19	27	2034
a	76	24	8915
a	22	36	5512
a	5	20	78
a	83	54	4309
a	86	65	5091
a	87	77	1407
a	70	30	5454
a	18	48	2306
a	65	75	7183
a	11	19	4492
a	18	67	6617
a	58	90	3380
a	21	86	5731
a	26	3	4501
a	100	14	4640
a	29	22	4076
a	68	87	1519
a	15	39	1366
a	54	6	9204
a	22	63	7407
a	98	100	2330
a	79	58	9830
a	83	63	9266
a	86	88	8414
a	52	88	7520
a	17	10	6682
a	6	52	8223
a	45	7	9967
a	50	82	3154
a	13	94	1972
a	35	49	9049
a	74	92	8805
a	40	68	9354
a	65	76	7560
a	89	70	6951
a	75	55	6705
a	21	95	440
a	43	78	7369
a	83	87	4749
a	68	94	9250
a	15	44	4632
a	76	14	7431
a	5	6	6889
a	88	57	4063
a	34	77	2844
a	55	58	3890
a	23	45	5867
a	25	67	4956
a	64	34	6737
a	10	34	4840
a	75	95	3056
a	38	33	1623
a	3	65	8677
a	4	81	5044
a	8	20	6097
a	63	59	6395
a	90	71	700
a	26	21	9389
a	100	60	7802
a	83	92	9517
a	12	96	2820
a	54	16	6228
a	9	68	4786
a	47	51	9140
a	52	46	3850
a	15	90	5002
a	56	41	8558
a	20	23	2966
a	59	52	5420
a	24	82	7829
a	84	52	6886
a	32	18	5093
a	35	63	858
a	18	29	2663
a	40	50	9042
a	4	88	7398
a	95	25	7962
a	99	90	6857
a	65	94	330
a	28	70	7468
a	11	6	7099
a	85	19	550
a	36	6	5013
a	75	37	9486
a	21	97	9259
a	97	16	9596
a	80	40	6500
a	61	10	8828
a	7	82	5506
a	12	31	3887
a	37	97	567
a	76	60	1497
a	5	8	5192
a	27	55	9287
a	9	77	1346
a	87	81	7625
a	34	95	4029
a	55	8	3467
a	3	62	4197
a	77	27	5024
a	23	35	2226
a	81	88	1982
a	28	46	347
a	84	51	7537
a	31	35	1073
a	35	36	3499
a	18	20	3622
a	57	23	1041
a	38	83	1587
a	43	36	4800
a	63	41	2925
a	28	93	7583
a	33	14	2208
a	14	24	5168
a	36	13	9422
a	80	47	7271
a	44	61	5599
a	69	67	4790
a	19	60	8563
a	76	59	1613
a	24	49	9402
a	62	98	1117
a	10	76	2136
a	52	60	9860
a	56	55	5049
a	60	76	2636
a	84	58	5519
a	67	2	7480
a	18	15	8644
a	39	88	4864
a	95	15	3787
a	43	29	6390
a	99	72	592
a	7	51	8793
a	100	90	8146
a	65	40	2110
a	85	37	1048
a	68	35	7909
a	53	76	7512
a	97	34	2799
a	22	99	4260
a	7	64	9301
a	48	63	2551
a	86	12	3663
a	56	79	8575
a	93	86	885
a	24	56	1880
a	52	59	503
a	91	96	4582
a	20	44	9634
a	96	85	2177
a	81	74	6530
a	64	14	6243
a	84	65	3616
a	49	97	4079
a	57	33	8187
a	40	39	7357
a	60	58	8010
a	43	18	4566
a	8	48	4270
a	100	65	1555
a	72	45	6722
a	61	21	6552
a	69	53	8974
a	17	87	2215
a	56	86	677
a	20	68	4087
a	98	26	6922
a	74	19	8028
a	20	43	2954
a	3	21	5187
a	60	66	93
a	25	32	2562
a	14	66	1889
a	92	24	1244
a	57	42	8422
a	39	78	5935
a	21	20	622
a	8	55	4089
a	85	55	1351
a	16	55	4742
a	53	94	6783
a	54	68	1158
a	97	60	2740
a	61	46	5398
a	44	42	3444
a	17	72	7570
a	37	5	5542
a	20	67	2548
a	76	32	5488
a	24	6	1452
a	92	96	6215
a	96	99	2845
a	45	86	7697
a	28	50	2061
a	40	21	6210
a	4	59	3531
a	8	62	7685
a	65	51	6858
a	29	45	4757
a	85	48	1510
a	73	83	1710
a	54	95	3713
a	58	18	7695
a	80	11	217
a	61	39	1438
a	86	17	4648
a	34	11	9853
a	52	97	9475
a	73	60	8268
a	5	85	6418
a	62	30	5322
a	20	57	3760
a	8	86	9924
a	82	69	1493
a	45	79	9283
a	84	94	4627
a	50	26	2310
a	32	76	8437
a	53	63	759
a	40	28	3020
a	63	74	5124
a	48	76	4519
a	16	37	6706
a	72	66	7979
a	22	15	9945
a	78	88	1088
a	44	24	8220
a	66	45	7648
a	86	40	7989
a	69	32	3629
a	34	2	7078
a	94	56	9877
a	41	76	9226
a	5	94	909
a	98	39	853
a	67	86	5076
a	13	14	7984
a	91	76	8799
a	23	85	6230
a	8	93	6506
a	14	87	1395
a	40	3	4122
a	65	13	4755
a	11	73	59
a	12	89	8421
a	33	36	7588
a	73	93	416
a	5	54	1245
a	61	57	6197
a	26	77	9202
a	86	35	2259
a	17	51	4683
a	73	46	8829
a	76	77	6068
a	59	15	2535
a	42	77	1655
a	77	89	1616
a	24	27	3930
a	45	48	8680
a	67	95	7621
a	30	81	8128
a	96	8	6886
a	25	60	8326
a	99	5	6036
a	64	97	299
a	28	31	253
a	50	12	2968
a	32	90	7778
a	1	59	7197
a	57	70	2429
a	40	10	7899
a	29	56	331
a	33	61	6011
a	73	70	1046
a	54	32	6345
a	1	84	1284
a	41	45	3937
a	27	78	1658
a	66	63	4296
a	12	39	2949
a	17	52	4777
a	98	57	3995
a	62	51	2591
a	87	25	2107
a	91	90	5910
a	92	68	4584
a	77	35	1198
a	99	10	835
a	8	75	570
a	82	46	2963
a	85	99	8924
a	70	66	1606
a	18	92	5884
a	75	21	1711
a	58	71	3059
a	4	31	5762
a	63	97	4135
a	65	31	4341
a	12	79	9160
a	73	79	6610
a	58	54	6010
a	52	69	1115
a	76	67	8557
a	5	73	9943
a	84	3	9041
a	49	39	6763
a	67	77	5951
a	31	83	3087
a	70	42	436
a	91	83	8215
a	92	67	9098
a	23	96	22
a	75	10	8741
a	58	78	9987
a	39	96	8185
a	95	71	9119
a	80	95	7105
a	4	6	6637
a	21	58	6815
a	65	16	1068
a	36	76	9085
a	62	82	568
a	30	59	2172
a	86	52	417
a	52	76	5368
a	42	38	1468
a	10	15	5820
a	67	50	8516
a	70	45	7403
a	74	32	1996
a	38	58	4867
a	33	87	6157
a	14	51	6748
a	72	22	1304
a	53	28	142
a	1	14	9536
a	57	89	6494
a	39	25	9295
a	78	12	3206
a	43	90	1803
a	26	62	8216
a	44	100	7641
a	100	25	2068
a	29	3	3235
a	51	42	6476
a	58	56	6739
a	62	85	6296
a	27	85	8842
a	47	30	6556
a	30	34	3738
a	69	13	239
a	51	91	4572
a	55	46	5183
a	6	59	7065
a	30	77	3354
a	87	36	4092
a	70	36	7607
a	18	54	1183
a	74	43	8129
a	40	87	1331
a	60	10	6996
a	28	99	8113
a	75	56	3590
a	90	26	9447
a	19	26	6347
a	76	25	9025
a	97	100	8396
a	61	86	5330
a	87	76	8672
a	34	56	5312
a	91	9	3902
a	55	39	3301
a	59	32	5853
a	23	30	5434
a	62	47	5440
a	67	32	3396
a	13	36	3283
a	35	11	223
a	40	94	9485
a	95	45	1788
a	43	59	9189
a	64	68	181
a	14	61	2640
a	72	4	71
a	71	52	2575
a	97	12	8672
a	78	30	479
a	22	77	9424
a	46	71	9932
a	48	29	4461
a	19	35	3210
a	76	16	1533
a	5	28	3310
a	30	44	6619
a	88	51	1650
a	34	51	5951
a	17	9	4685
a	56	28	6416
a	59	57	9670
a	45	6	2830
a	10	56	5888
a	49	67	9319
a	32	5	2992
a	87	58	3027
a	92	39	7046
a	3	91	4326
a	43	48	2726
a	63	61	833
a	14	4	3838
a	71	45	2430
a	75	54	9555
a	58	98	3645
a	39	4	4308
a	78	97	4596
a	43	65	947
a	44	81	3421
a	47	68	8756
a	68	95	4200
a	54	30	7931
a	36	96	6420
a	66	21	4553
a	52	32	4903
a	15	92	5638
a	20	9	9017
a	59	62	2194
a	18	35	9731
a	96	57	3480
a	4	82	2238
a	8	21	7297
a	82	4	7
a	65	68	42
a	14	15	8458
a	89	78	7635
a	71	42	1138
a	39	61	6436
a	26	18	5097
a	100	61	799
a	16	100	8111
a	15	52	4604
a	54	17	1479
a	19	49	509
a	93	74	3593
a	24	36	6917
a	27	49	7542
a	23	37	903
a	84	53	783
a	31	37	3866
a	92	53	4070
a	3	73	4638
a	99	93	3804
a	7	60	8020
a	65	93	6430
a	28	71	9391
a	85	18	1863
a	90	79	4198
a	36	7	9856
a	1	99	1708
a	83	100	9615
a	46	88	9651
a	48	2	2539
a	69	89	9669
a	17	99	6117
a	56	66	4291
a	19	54	1425
a	10	66	3029
a	86	98	4550
a	35	86	7580
a	56	49	3075
a	20	31	5419
a	96	88	3917
a	42	12	4624
a	23	34	1284
a	81	95	7889
a	84	60	5006
a	89	47	7485
a	75	76	430
a	38	80	9475
a	96	55	835
a	8	3	2996
a	100	92	7461
a	99	66	7169
a	11	62	8724
a	33	13	7524
a	72	32	772
a	71	24	512
a	90	86	7663
a	26	100	9728
a	100	35	4512
a	7	74	2071
a	48	57	8931
a	12	23	1947
a	76	52	444
a	79	25	598
a	10	77	5794
a	35	95	284
a	3	38	8924
a	96	95	5723
a	23	59	3320
a	25	85	4339
a	64	8	9662
a	28	38	3168
a	67	5	2574
a	92	11	7222
a	75	69	3376
a	7	50	9445
a	63	81	9770
a	65	47	7937
a	11	55	1127
a	85	36	9182
a	68	44	4316
a	71	17	1815
a	58	6	6275
a	39	40	2757
a	51	29	66
a	37	18	2324
a	94	93	8846
a	55	25	8543
a	20	45	2229
a	3	47	8125
a	96	86	952
a	23	48	7111
a	82	89	2656
a	49	96	840
a	32	56	6992
a	89	57	3463
a	53	35	3602
a	38	66	1305
a	39	80	8451
a	60	59	9756
a	7	43	9214
a	48	88	4656
a	11	44	8168
a	29	90	1436
a	54	66	9957
a	93	61	9361
a	39	33	9726
a	9	22	6580
a	86	4	7192
a	69	52	4800
a	15	8	9132
a	73	49	6423
a	56	87	2125
a	17	86	267
a	94	68	9477
a	76	42	3915
a	42	86	9217
a	5	98	8871
a	41	88	231
a	27	29	6326
a	88	29	2734
a	52	3	2067
a	74	16	2159
a	20	52	4152
a	59	83	6342
a	64	6	159
a	31	25	6626
a	38	69	9749
a	21	19	5462
a	29	83	1988
a	68	18	776
a	16	40	2395
a	36	59	6834
a	1	79	1623
a	97	51	3088
a	61	45	1819
a	44	43	515
a	9	31	9472
a	12	60	5023
a	16	71	5523
a	17	79	2171
a	37	4	3232
a	41	65	2614
a	42	81	7547
a	62	20	1956
a	27	18	7294
a	66	75	641
a	34	96	2828
a	52	10	1912
a	96	100	6011
a	77	62	3867
a	25	40	2223
