p	max	100	5000
n	1	s	
n	2	t	
a	6	85	518
a	10	68	960
a	62	66	143
a	92	66	634
a	34	14	58
a	24	13	693
a	56	15	781
a	94	32	665
a	56	90	316
a	54	88	52
a	96	2	725
a	20	85	260
a	100	93	75
a	83	28	575
a	49	47	403
a	18	28	806
a	89	31	43
a	98	63	569
a	64	94	86
a	38	23	104
a	51	37	621
a	30	14	441
a	27	53	261
a	90	10	533
a	73	89	56
a	66	26	819
a	16	46	942
a	50	77	216
a	12	3	54
a	9	93	729
a	73	49	158
a	53	90	92
a	15	49	862
a	87	13	941
a	23	90	179
a	65	26	277
a	47	49	629
a	10	64	151
a	98	27	478
a	47	50	310
a	40	91	714
a	81	67	539
a	3	21	294
a	62	34	19
a	100	72	325
a	65	67	551
a	54	6	875
a	13	88	346
a	14	79	84
a	48	63	377
a	62	71	894
a	26	54	112
a	71	9	812
a	38	16	30
a	86	90	668
a	57	92	752
a	12	85	202
a	11	22	595
a	26	73	721
a	23	72	793
a	5	89	555
a	65	19	189
a	65	96	897
a	77	75	898
a	40	66	813
a	86	97	494
a	79	94	379
a	95	85	962
a	68	72	686
a	67	90	348
a	77	46	753
a	94	78	502
a	19	31	304
a	66	77	801
a	64	42	985
a	73	76	57
a	39	78	125
a	7	34	435
a	67	34	180
a	75	63	227
a	58	86	176
a	9	88	776
a	48	13	763
a	37	79	887
a	76	68	940
a	34	28	438
a	15	34	413
a	55	83	266
a	83	35	55
a	17	63	621
a	97	71	133
a	95	31	190
a	60	83	83
a	64	6	805
a	39	80	65
a	50	87	568
a	93	26	512
a	47	83	559
a	54	2	685
a	47	61	870
a	35	91	685
a	44	43	609
a	81	91	856
a	74	28	234
a	36	94	489
a	28	32	932
a	58	83	674
a	87	78	57
a	74	39	252
a	43	13	650
a	64	25	316
a	89	4	156
a	43	34	922
a	66	83	87
a	16	23	980
a	18	27	212
a	83	2	203
a	64	44	190
a	42	80	132
a	99	44	273
a	3	15	521
a	22	57	474
a	7	48	250
a	17	25	880
a	49	94	271
a	76	94	309
a	86	82	461
a	83	65	833
a	83	38	27
a	36	26	46
a	95	89	622
a	74	88	819
a	74	85	104
a	9	86	506
a	36	75	575
a	43	58	995
a	99	85	859
a	53	85	186
a	8	49	227
a	53	63	416
a	5	45	63
a	19	77	303
a	1	63	607
a	27	35	459
a	29	82	718
a	75	27	983
a	34	30	890
a	20	64	387
a	57	83	64
a	33	41	919
a	70	86	346
a	82	42	233
a	33	44	119
a	18	61	253
a	29	9	446
a	33	67	488
a	54	81	398
a	100	57	572
a	19	100	949
a	12	60	802
a	46	53	841
a	100	92	347
a	86	66	456
a	67	68	335
a	52	62	198
a	17	49	383
a	21	5	630
a	19	10	328
a	82	39	516
a	5	13	822
a	52	87	294
a	66	59	616
a	8	30	323
a	6	14	613
a	47	96	351
a	25	96	83
a	95	88	350
a	45	73	189
a	63	33	965
a	46	22	391
a	54	48	304
a	33	46	413
a	40	81	843
a	99	45	478
a	89	79	284
a	39	52	173
a	8	10	629
a	51	12	647
a	31	67	451
a	91	70	526
a	31	40	491
a	30	100	306
a	89	96	861
a	5	69	724
a	4	41	509
a	49	62	694
a	25	43	90
a	21	46	623
a	58	95	339
a	71	70	482
a	59	64	864
a	68	22	509
a	76	11	373
a	57	29	844
a	53	8	50
a	45	97	550
a	33	57	273
a	51	98	613
a	4	92	459
a	89	15	64
a	19	38	413
a	94	20	879
a	63	43	430
a	67	64	967
a	14	93	518
a	54	59	2
a	67	22	458
a	94	13	489
a	61	93	391
a	89	65	938
a	17	23	59
a	18	10	115
a	39	24	928
a	22	90	500
a	32	26	914
a	53	92	96
a	4	75	561
a	95	55	105
a	5	48	715
a	56	57	263
a	32	33	738
a	70	53	746
a	13	3	127
a	69	9	321
a	31	52	70
a	27	70	95
a	89	26	821
a	8	75	701
a	42	53	97
a	84	85	807
a	80	42	733
a	19	83	103
a	32	39	50
a	91	99	269
a	52	39	205
a	97	15	795
a	33	95	520
a	67	10	77
a	82	49	978
a	89	9	795
a	58	62	48
a	40	98	17
a	24	19	218
a	56	2	878
a	59	14	890
a	69	25	894
a	34	77	770
a	34	54	165
a	34	99	939
a	86	23	353
a	84	64	774
a	1	81	106
a	47	88	959
a	35	63	634
a	38	40	117
a	11	63	937
a	32	47	300
a	14	91	958
a	90	18	875
a	74	75	560
a	14	7	912
a	72	43	905
a	64	12	177
a	31	33	739
a	86	50	678
a	91	9	665
a	86	38	390
a	14	23	47
a	43	2	245
a	8	36	156
a	45	43	598
a	53	51	987
a	76	69	170
a	19	69	464
a	45	92	780
a	65	53	406
a	19	62	291
a	96	36	402
a	16	74	525
a	52	83	538
a	39	93	591
a	3	8	984
a	20	31	623
a	82	8	724
a	14	83	70
a	65	95	950
a	41	17	918
a	12	14	394
a	81	25	351
a	81	68	732
a	29	50	161
a	8	65	62
a	8	39	896
a	43	93	684
a	9	28	559
a	45	37	450
a	58	54	359
a	37	20	176
a	10	84	944
a	46	14	156
a	7	37	824
a	58	79	716
a	28	47	719
a	100	67	643
a	55	14	672
a	17	26	654
a	96	67	301
a	57	89	410
a	50	26	665
a	70	93	136
a	83	33	279
a	92	97	666
a	12	72	8
a	30	77	583
a	21	44	993
a	53	30	219
a	75	48	44
a	36	89	872
a	9	81	675
a	26	70	489
a	97	61	545
a	13	69	980
a	16	57	410
a	76	85	972
a	77	32	291
a	72	87	883
a	62	60	978
a	40	67	827
a	10	17	588
a	100	40	152
a	33	88	583
a	61	50	548
a	62	20	983
a	50	17	845
a	44	52	877
a	44	45	145
a	74	14	612
a	68	80	702
a	90	42	999
a	17	70	342
a	70	80	462
a	9	59	349
a	16	47	666
a	94	98	402
a	50	29	919
a	45	7	959
a	82	74	682
a	66	7	251
a	85	32	52
a	48	74	724
a	76	51	653
a	90	77	217
a	48	65	666
a	12	9	73
a	45	70	926
a	69	100	492
a	53	21	469
a	28	6	259
a	77	90	717
a	90	70	293
a	87	98	794
a	20	17	775
a	1	22	39
a	11	54	419
a	15	59	730
a	95	92	206
a	13	22	937
a	33	15	526
a	80	81	617
a	92	89	634
a	69	61	461
a	13	32	232
a	12	69	673
a	82	70	871
a	73	70	139
a	90	17	474
a	59	25	802
a	6	83	282
a	79	14	404
a	14	72	312
a	23	59	476
a	5	99	256
a	32	56	525
a	76	57	781
a	24	75	288
a	71	16	401
a	51	91	943
a	14	22	266
a	28	48	318
a	25	53	482
a	51	15	306
a	4	90	982
a	82	10	922
a	16	75	336
a	65	48	157
a	64	95	846
a	21	36	631
a	95	69	366
a	17	53	844
a	78	35	490
a	71	97	668
a	17	58	982
a	48	7	522
a	89	90	967
a	68	38	212
a	62	100	789
a	23	66	329
a	66	2	319
a	62	46	596
a	78	53	363
a	1	15	665
a	16	41	183
a	20	61	117
a	88	52	250
a	64	46	639
a	60	6	195
a	93	4	189
a	31	76	811
a	58	75	483
a	7	75	360
a	80	91	366
a	33	83	247
a	35	93	411
a	36	39	409
a	10	92	280
a	19	22	772
a	32	21	202
a	38	78	52
a	99	46	805
a	44	42	918
a	61	9	932
a	92	78	406
a	72	96	499
a	17	6	807
a	94	66	182
a	5	25	703
a	98	28	845
a	77	41	755
a	67	61	274
a	78	40	991
a	58	70	662
a	73	83	344
a	8	9	258
a	32	87	463
a	23	74	649
a	70	43	743
a	76	80	738
a	90	47	96
a	70	54	390
a	24	95	725
a	85	5	908
a	9	62	401
a	4	77	177
a	95	22	815
a	53	71	87
a	85	89	912
a	41	46	990
a	62	73	764
a	39	82	507
a	18	77	45
a	51	8	194
a	28	15	72
a	69	84	640
a	51	60	663
a	91	81	631
a	34	22	186
a	92	90	653
a	58	5	464
a	70	16	710
a	76	63	887
a	6	40	304
a	38	12	101
a	17	61	854
a	34	29	626
a	37	32	585
a	92	86	854
a	23	52	965
a	4	45	445
a	33	27	957
a	92	40	630
a	99	74	138
a	77	69	608
a	6	51	295
a	84	65	174
a	49	30	646
a	12	65	300
a	56	65	966
a	58	16	291
a	95	74	326
a	40	57	571
a	10	36	423
a	33	32	947
a	96	30	755
a	23	41	711
a	73	51	782
a	24	82	721
a	85	24	820
a	35	82	887
a	87	58	593
a	45	100	828
a	45	90	780
a	47	76	17
a	100	46	517
a	17	4	491
a	6	8	674
a	15	72	777
a	20	47	625
a	16	52	42
a	56	27	405
a	73	15	934
a	23	17	75
a	63	4	782
a	53	96	974
a	9	45	204
a	50	83	283
a	36	37	851
a	5	87	961
a	90	88	591
a	23	98	98
a	4	33	605
a	65	2	980
a	45	62	44
a	100	33	293
a	80	23	222
a	80	18	232
a	87	84	60
a	73	60	81
a	20	91	531
a	50	6	854
a	26	12	557
a	10	67	806
a	97	45	505
a	97	51	344
a	23	68	4
a	93	5	440
a	64	32	779
a	52	95	981
a	39	16	705
a	65	16	830
a	54	65	446
a	19	26	820
a	94	40	352
a	6	69	771
a	32	13	799
a	65	21	251
a	74	91	600
a	41	70	307
a	72	48	549
a	98	6	738
a	6	5	761
a	49	44	414
a	67	51	33
a	95	90	10
a	30	32	870
a	13	100	610
a	9	65	33
a	56	76	734
a	84	91	32
a	26	69	224
a	65	91	251
a	83	7	513
a	61	15	256
a	60	38	492
a	51	72	994
a	28	2	79
a	88	71	183
a	11	95	312
a	97	83	519
a	44	100	934
a	57	81	632
a	53	54	41
a	74	5	281
a	8	81	624
a	10	52	105
a	7	72	81
a	28	13	534
a	30	3	632
a	66	18	693
a	40	30	240
a	47	43	753
a	65	76	882
a	99	56	677
a	29	25	679
a	93	84	541
a	37	62	732
a	44	23	666
a	55	21	702
a	3	78	999
a	76	56	567
a	63	30	757
a	90	33	985
a	22	70	698
a	39	21	542
a	59	12	202
a	90	15	959
a	27	46	381
a	7	22	188
a	5	34	205
a	61	53	968
a	89	72	122
a	51	14	352
a	90	45	949
a	85	11	247
a	84	62	138
a	60	72	824
a	66	33	633
a	68	62	104
a	70	98	607
a	49	57	116
a	85	91	928
a	72	62	826
a	38	59	994
a	7	97	378
a	40	63	38
a	28	23	466
a	55	26	122
a	31	65	611
a	13	97	51
a	68	88	645
a	42	37	363
a	38	55	490
a	3	44	475
a	93	19	672
a	29	58	280
a	4	46	785
a	41	96	655
a	75	9	838
a	63	23	800
a	60	7	677
a	43	62	240
a	75	11	40
a	70	23	721
a	27	26	191
a	93	51	644
a	82	65	166
a	52	26	13
a	30	82	818
a	57	28	589
a	85	81	790
a	55	96	254
a	54	94	309
a	57	73	894
a	56	70	700
a	12	49	386
a	62	75	213
a	88	80	703
a	13	27	554
a	49	76	802
a	37	73	532
a	22	64	953
a	37	77	672
a	45	59	168
a	59	57	430
a	37	17	52
a	24	14	31
a	46	24	703
a	60	95	820
a	91	17	414
a	46	76	947
a	69	18	756
a	58	72	614
a	17	45	759
a	97	48	108
a	83	90	519
a	67	23	180
a	94	38	42
a	24	80	340
a	20	2	826
a	36	20	364
a	93	54	981
a	56	94	271
a	45	26	125
a	90	25	897
a	50	12	790
a	26	30	794
a	1	6	806
a	3	99	455
a	28	33	376
a	16	96	371
a	87	22	36
a	11	73	174
a	48	57	268
a	78	67	82
a	85	39	985
a	74	58	119
a	14	58	165
a	74	96	249
a	71	57	475
a	29	41	755
a	86	89	479
a	36	6	43
a	43	63	225
a	91	73	735
a	53	33	154
a	98	13	903
a	46	31	807
a	44	58	765
a	53	83	450
a	71	25	75
a	68	90	715
a	10	46	326
a	16	13	946
a	68	7	212
a	51	6	212
a	95	76	126
a	67	56	277
a	78	8	672
a	95	38	823
a	31	61	600
a	11	52	396
a	25	57	506
a	98	87	936
a	13	74	981
a	26	90	890
a	65	59	10
a	10	86	256
a	72	24	118
a	59	16	508
a	77	26	894
a	96	84	232
a	4	39	689
a	99	3	239
a	50	67	331
a	24	55	78
a	13	67	198
a	63	59	568
a	91	32	663
a	60	26	727
a	77	31	844
a	88	27	297
a	60	10	935
a	83	91	562
a	82	91	978
a	77	36	341
a	56	64	247
a	44	10	536
a	69	27	255
a	78	23	536
a	41	21	841
a	60	96	727
a	62	68	71
a	22	63	367
a	31	29	747
a	69	20	620
a	6	77	967
a	86	21	103
a	70	85	501
a	80	90	80
a	68	41	379
a	18	81	859
a	81	36	269
a	48	33	926
a	32	38	339
a	68	27	884
a	32	54	897
a	28	25	621
a	83	9	603
a	74	20	675
a	1	9	620
a	34	49	732
a	40	97	293
a	14	40	929
a	25	30	786
a	46	86	693
a	50	37	795
a	80	69	452
a	94	47	596
a	14	55	523
a	60	22	660
a	45	14	344
a	35	29	273
a	82	62	44
a	18	100	609
a	45	18	132
a	29	86	888
a	44	36	573
a	97	74	446
a	38	37	829
a	98	16	323
a	36	42	109
a	67	38	946
a	69	44	960
a	11	96	994
a	89	13	160
a	56	38	107
a	23	49	282
a	71	8	868
a	42	15	809
a	21	24	157
a	28	64	240
a	70	29	950
a	90	71	384
a	33	100	451
a	80	34	671
a	67	49	769
a	63	57	483
a	43	89	820
a	54	70	601
a	63	11	249
a	30	12	642
a	30	50	21
a	38	18	23
a	16	33	474
a	26	39	293
a	82	35	915
a	42	47	784
a	36	86	957
a	5	52	175
a	26	53	293
a	71	28	327
a	73	18	272
a	73	57	721
a	69	2	180
a	76	62	544
a	64	30	132
a	7	25	347
a	19	51	323
a	14	94	964
a	74	69	823
a	42	45	904
a	4	7	242
a	6	16	9
a	57	6	691
a	99	59	796
a	73	59	711
a	73	71	493
a	69	59	16
a	9	76	218
a	66	30	385
a	85	18	689
a	10	54	299
a	3	23	17
a	96	4	344
a	26	8	751
a	52	31	423
a	11	44	793
a	27	10	244
a	90	87	942
a	48	38	978
a	78	64	359
a	57	12	953
a	36	90	797
a	65	72	633
a	58	9	852
a	9	11	514
a	60	12	867
a	75	94	489
a	76	59	900
a	33	70	776
a	14	20	634
a	65	60	136
a	12	63	199
a	98	97	865
a	21	77	138
a	48	49	975
a	43	52	632
a	36	60	239
a	62	21	722
a	44	75	479
a	5	20	151
a	29	27	493
a	90	41	822
a	77	80	439
a	94	26	604
a	1	93	20
a	57	36	287
a	93	77	645
a	69	53	763
a	94	89	214
a	100	18	254
a	50	14	894
a	96	89	107
a	64	34	20
a	43	95	121
a	49	28	385
a	25	93	957
a	25	44	432
a	13	4	568
a	9	19	602
a	27	24	23
a	38	43	250
a	4	43	687
a	66	71	126
a	94	60	59
a	14	24	431
a	39	7	916
a	15	20	205
a	21	45	623
a	78	2	298
a	79	6	240
a	35	53	189
a	19	89	275
a	51	66	718
a	42	33	129
a	10	69	123
a	11	23	984
a	38	91	713
a	20	51	748
a	19	29	857
a	25	70	36
a	84	32	595
a	23	83	586
a	17	51	193
a	90	31	525
a	47	89	97
a	70	84	989
a	76	55	975
a	31	55	884
a	98	64	156
a	97	22	504
a	7	60	86
a	82	93	314
a	52	43	676
a	4	5	657
a	33	45	735
a	88	59	350
a	17	81	209
a	87	34	605
a	62	63	579
a	90	56	698
a	4	13	504
a	34	20	381
a	10	89	93
a	89	2	133
a	96	48	457
a	85	47	981
a	3	82	295
a	53	37	211
a	82	69	358
a	5	71	425
a	82	7	199
a	11	53	922
a	29	23	428
a	8	19	265
a	1	56	448
a	99	75	86
a	6	97	250
a	71	83	145
a	6	82	403
a	60	18	461
a	48	41	370
a	93	28	505
a	85	57	916
a	59	40	667
a	33	69	512
a	71	96	54
a	1	69	809
a	10	22	572
a	98	57	73
a	44	22	579
a	9	47	707
a	20	90	536
a	91	3	834
a	37	74	458
a	94	42	358
a	82	78	821
a	8	56	282
a	31	48	276
a	19	94	570
a	90	50	497
a	69	94	206
a	61	30	564
a	19	91	861
a	95	35	176
a	52	98	7
a	70	35	132
a	38	27	933
a	11	70	388
a	53	4	74
a	50	86	937
a	58	6	201
a	60	40	177
a	37	64	760
a	35	13	580
a	38	95	15
a	14	62	790
a	27	91	415
a	7	86	598
a	10	7	245
a	79	75	432
a	75	73	890
a	17	64	52
a	81	64	341
a	74	98	985
a	6	73	169
a	75	40	519
a	14	82	646
a	84	16	265
a	92	72	493
a	41	59	991
a	27	81	767
a	33	76	77
a	100	68	500
a	74	71	722
a	59	39	858
a	77	78	543
a	77	35	541
a	83	34	808
a	7	15	999
a	89	7	869
a	37	12	976
a	65	61	444
a	81	13	659
a	73	19	364
a	89	84	779
a	68	8	282
a	44	19	656
a	76	33	290
a	7	57	762
a	1	89	59
a	39	76	715
a	89	6	448
a	92	39	514
a	54	57	685
a	69	42	552
a	46	83	331
a	40	28	397
a	19	53	420
a	84	2	97
a	44	48	600
a	38	54	591
a	4	16	71
a	48	87	818
a	19	4	170
a	89	74	847
a	7	56	241
a	50	9	298
a	83	51	220
a	89	20	893
a	55	70	742
a	17	97	352
a	51	10	695
a	78	39	545
a	40	58	130
a	91	64	516
a	20	79	56
a	51	34	32
a	48	43	859
a	73	4	371
a	40	87	786
a	75	69	314
a	12	83	637
a	41	8	529
a	27	83	98
a	35	21	118
a	27	92	383
a	49	27	283
a	15	12	27
a	83	15	219
a	82	72	546
a	56	62	706
a	92	51	86
a	96	21	51
a	11	14	567
a	77	10	34
a	88	91	880
a	59	54	71
a	50	25	250
a	13	60	765
a	91	2	223
a	4	48	797
a	28	35	831
a	69	14	98
a	77	25	397
a	14	76	691
a	37	36	576
a	15	37	273
a	39	14	609
a	40	51	867
a	83	70	510
a	77	100	508
a	64	87	918
a	18	70	421
a	42	71	279
a	79	85	247
a	15	14	724
a	74	15	379
a	38	83	842
a	87	55	43
a	39	95	522
a	51	23	468
a	24	49	200
a	3	47	789
a	24	39	499
a	10	38	218
a	79	49	771
a	52	82	820
a	35	8	654
a	96	75	782
a	27	84	491
a	37	69	531
a	17	60	1000
a	46	52	504
a	88	73	17
a	38	71	532
a	22	80	200
a	98	18	966
a	20	95	667
a	28	36	353
a	85	10	799
a	36	77	924
a	34	75	735
a	46	34	40
a	63	56	33
a	96	54	644
a	39	15	475
a	31	70	568
a	17	85	119
a	21	84	531
a	55	6	912
a	69	17	169
a	69	46	507
a	73	43	102
a	52	8	391
a	25	63	366
a	87	24	911
a	42	13	40
a	48	46	42
a	67	2	115
a	29	4	765
a	85	78	71
a	82	75	209
a	94	36	183
a	57	95	437
a	74	78	623
a	98	65	269
a	63	24	655
a	42	44	133
a	48	59	860
a	77	86	694
a	18	44	268
a	79	43	424
a	66	68	711
a	26	38	118
a	22	74	627
a	22	7	202
a	19	67	201
a	1	29	359
a	23	18	602
a	15	64	564
a	25	29	151
a	26	42	953
a	57	41	806
a	62	91	414
a	48	16	67
a	49	3	706
a	78	72	862
a	84	30	995
a	11	4	163
a	1	35	585
a	64	38	932
a	38	96	199
a	46	39	833
a	98	23	513
a	27	85	527
a	9	67	433
a	17	16	636
a	100	47	87
a	41	56	354
a	37	44	350
a	52	42	200
a	29	6	924
a	91	48	148
a	56	82	210
a	41	45	487
a	5	75	535
a	67	84	354
a	63	82	564
a	78	59	60
a	28	17	937
a	14	39	984
a	24	38	656
a	12	79	820
a	74	72	800
a	90	98	173
a	48	92	310
a	86	2	936
a	71	63	410
a	80	21	264
a	30	95	333
a	70	71	175
a	26	2	24
a	37	26	199
a	91	98	839
a	48	56	55
a	81	83	20
a	94	96	424
a	44	85	919
a	60	9	56
a	57	82	789
a	16	56	982
a	15	92	758
a	16	36	272
a	40	96	757
a	30	75	801
a	16	31	885
a	50	40	326
a	13	20	450
a	5	14	48
a	18	32	528
a	55	4	214
a	8	91	396
a	58	67	637
a	26	10	733
a	86	45	261
a	95	24	702
a	45	9	92
a	18	36	506
a	13	70	297
a	86	73	137
a	18	5	916
a	88	100	213
a	56	59	178
a	69	77	868
a	14	31	900
a	83	12	803
a	72	56	591
a	81	82	426
a	32	24	73
a	46	65	627
a	81	87	773
a	47	25	58
a	62	2	271
a	47	5	241
a	48	10	598
a	65	40	249
a	65	63	622
a	72	90	269
a	74	16	100
a	28	50	110
a	1	37	942
a	56	91	487
a	39	45	67
a	61	83	720
a	47	14	201
a	49	46	427
a	5	98	387
a	94	44	242
a	30	34	648
a	57	59	799
a	15	52	678
a	85	28	308
a	4	71	920
a	43	86	904
a	62	50	184
a	91	86	457
a	92	8	401
a	83	54	194
a	88	41	437
a	61	75	1000
a	32	14	334
a	99	21	466
a	24	37	789
a	96	90	792
a	73	41	741
a	24	66	9
a	69	97	391
a	28	79	635
a	28	5	401
a	82	53	858
a	22	49	683
a	42	75	945
a	57	80	508
a	99	43	89
a	87	89	281
a	97	60	50
a	72	60	167
a	8	43	702
a	24	89	650
a	3	70	778
a	41	19	781
a	14	9	909
a	75	24	593
a	5	11	190
a	21	94	310
a	63	28	121
a	92	84	248
a	97	90	420
a	22	28	995
a	37	33	912
a	67	75	578
a	27	30	485
a	37	52	440
a	6	57	277
a	66	5	965
a	70	32	808
a	69	3	701
a	22	43	183
a	73	81	819
a	96	31	452
a	4	83	50
a	73	39	347
a	94	79	561
a	82	29	438
a	18	97	581
a	88	6	722
a	93	63	823
a	7	19	315
a	47	21	934
a	97	35	516
a	29	85	985
a	92	44	52
a	63	29	777
a	73	82	379
a	74	34	11
a	27	31	362
a	71	90	992
a	6	3	363
a	59	73	172
a	57	99	404
a	27	77	21
a	64	80	716
a	36	9	282
a	3	31	752
a	80	88	451
a	79	91	859
a	8	6	200
a	70	76	926
a	14	41	166
a	93	41	455
a	25	33	79
a	13	25	199
a	76	3	265
a	95	27	392
a	3	48	673
a	89	77	31
a	7	2	259
a	29	30	870
a	1	14	442
a	7	46	524
a	52	38	973
a	29	26	679
a	35	77	89
a	52	25	854
a	8	78	744
a	36	53	714
a	19	73	141
a	100	76	531
a	91	14	986
a	99	15	634
a	88	83	936
a	6	95	190
a	28	88	96
a	64	53	597
a	58	40	736
a	30	86	594
a	100	55	784
a	88	10	80
a	41	28	652
a	74	61	242
a	81	62	607
a	95	10	951
a	66	37	487
a	21	53	122
a	46	38	66
a	77	84	593
a	41	88	399
a	80	49	898
a	11	37	715
a	45	51	154
a	82	79	658
a	89	95	296
a	50	71	776
a	19	60	860
a	15	73	87
a	28	21	919
a	91	77	642
a	53	43	998
a	32	91	698
a	95	13	308
a	87	99	542
a	95	20	702
a	4	97	796
a	4	100	958
a	73	72	442
a	68	96	386
a	48	29	652
a	81	79	463
a	51	49	511
a	50	41	754
a	40	12	110
a	44	66	681
a	71	39	44
a	35	83	764
a	93	76	128
a	91	60	14
a	45	24	382
a	11	15	286
a	5	66	710
a	24	11	205
a	85	50	785
a	72	45	57
a	24	92	288
a	66	23	7
a	99	71	898
a	94	71	829
a	59	13	65
a	27	60	179
a	40	77	302
a	27	8	548
a	53	5	15
a	90	40	347
a	46	89	756
a	9	41	781
a	26	11	46
a	54	74	707
a	80	68	363
a	65	45	963
a	10	90	826
a	28	62	799
a	10	32	748
a	43	51	18
a	88	77	734
a	73	92	731
a	32	92	177
a	54	32	607
a	5	80	291
a	26	36	244
a	84	58	621
a	3	93	119
a	93	88	836
a	60	100	32
a	79	4	588
a	41	86	434
a	83	40	319
a	74	99	420
a	91	51	578
a	88	11	937
a	42	12	636
a	76	47	549
a	8	99	709
a	11	76	125
a	1	96	320
a	91	52	768
a	87	66	282
a	78	73	144
a	77	6	343
a	22	8	418
a	58	31	601
a	29	5	579
a	97	3	72
a	65	62	683
a	18	95	821
a	80	74	748
a	43	29	663
a	58	26	613
a	90	29	703
a	84	73	161
a	82	89	617
a	99	10	86
a	61	23	781
a	84	14	354
a	95	65	452
a	18	87	188
a	71	48	387
a	100	75	795
a	49	55	882
a	65	64	327
a	11	13	67
a	64	65	151
a	74	73	600
a	85	29	400
a	10	33	303
a	25	83	329
a	49	80	899
a	63	73	985
a	12	18	466
a	34	35	4
a	5	62	969
a	61	25	571
a	26	82	878
a	68	60	883
a	11	31	571
a	72	2	220
a	54	76	592
a	76	20	398
a	63	60	463
a	15	83	175
a	41	15	956
a	33	5	784
a	41	98	570
a	34	23	110
a	40	78	647
a	40	53	839
a	77	42	890
a	90	48	596
a	53	11	937
a	15	98	699
a	61	68	676
a	92	54	217
a	19	68	402
a	31	21	338
a	99	64	453
a	11	29	36
a	65	13	634
a	25	8	133
a	5	8	976
a	97	13	269
a	48	27	619
a	20	41	251
a	12	20	696
a	30	79	928
a	16	86	332
a	99	18	191
a	10	27	180
a	60	36	50
a	79	57	416
a	7	6	310
a	55	9	823
a	44	16	359
a	50	88	735
a	99	72	275
a	15	17	899
a	38	65	428
a	50	38	220
a	26	76	762
a	38	51	487
a	49	24	918
a	66	45	320
a	54	99	6
a	58	48	553
a	49	65	491
a	94	69	438
a	26	14	769
a	85	36	990
a	64	15	166
a	24	5	831
a	73	38	267
a	89	66	922
a	4	31	644
a	24	79	819
a	87	26	168
a	97	24	368
a	78	76	484
a	44	9	76
a	43	33	722
a	66	3	66
a	45	99	960
a	92	28	199
a	8	69	311
a	36	12	833
a	32	8	574
a	50	55	198
a	77	21	448
a	75	61	790
a	84	46	490
a	26	34	960
a	42	39	456
a	100	44	307
a	59	66	195
a	55	45	710
a	47	60	571
a	79	7	435
a	87	4	2
a	72	73	987
a	68	47	347
a	20	89	357
a	40	39	911
a	59	36	535
a	22	94	573
a	32	25	486
a	96	27	36
a	84	57	132
a	63	90	457
a	34	36	133
a	68	64	198
a	39	71	508
a	48	24	677
a	72	79	82
a	16	37	435
a	44	20	182
a	20	76	497
a	3	19	283
a	98	51	658
a	9	6	638
a	84	50	298
a	63	15	518
a	60	33	720
a	62	79	133
a	62	90	591
a	16	83	137
a	10	12	784
a	32	74	677
a	83	5	651
a	21	37	7
a	70	24	523
a	51	67	374
a	81	27	538
a	12	56	131
a	62	81	25
a	66	10	978
a	95	75	19
a	39	57	338
a	89	83	332
a	89	43	34
a	54	46	496
a	83	94	209
a	25	47	564
a	52	37	837
a	80	56	679
a	54	22	740
a	59	26	12
a	65	43	656
a	44	35	947
a	12	36	868
a	63	38	753
a	75	58	733
a	82	48	287
a	79	65	896
a	73	45	575
a	62	88	716
a	19	95	683
a	40	55	265
a	87	96	213
a	15	89	251
a	70	20	952
a	30	64	487
a	78	80	930
a	69	10	576
a	47	26	558
a	51	69	529
a	33	82	163
a	40	86	846
a	86	53	325
a	7	42	401
a	51	92	581
a	57	7	765
a	22	32	964
a	23	58	97
a	12	25	1000
a	79	41	126
a	99	39	761
a	41	30	880
a	25	42	961
a	24	50	270
a	76	64	981
a	29	63	704
a	1	80	93
a	61	20	401
a	60	49	854
a	40	93	138
a	60	91	491
a	59	96	884
a	42	50	846
a	72	38	176
a	81	9	271
a	50	51	583
a	47	78	753
a	45	65	393
a	5	30	517
a	53	64	875
a	63	37	763
a	8	77	874
a	83	97	986
a	18	50	988
a	66	48	819
a	15	66	575
a	34	2	621
a	49	64	215
a	72	57	682
a	91	39	560
a	5	55	892
a	25	76	925
a	95	56	201
a	72	89	376
a	32	69	246
a	50	3	166
a	15	85	941
a	35	78	767
a	84	54	501
a	38	4	988
a	60	28	699
a	64	92	279
a	80	8	530
a	10	83	12
a	54	40	1
a	7	66	463
a	98	11	819
a	83	47	86
a	11	38	876
a	19	58	504
a	64	84	253
a	93	74	723
a	61	73	876
a	40	7	837
a	56	46	118
a	25	2	879
a	12	94	438
a	39	90	886
a	19	18	493
a	19	97	612
a	69	67	346
a	34	12	220
a	51	3	235
a	81	89	872
a	3	22	915
a	29	34	753
a	41	74	784
a	48	21	817
a	26	19	905
a	54	39	982
a	37	82	782
a	61	19	909
a	54	72	757
a	4	27	103
a	20	13	659
a	94	87	675
a	67	16	690
a	30	37	860
a	73	85	926
a	72	64	598
a	76	89	977
a	36	64	839
a	20	81	476
a	85	92	532
a	64	69	139
a	26	62	620
a	79	24	372
a	47	8	537
a	34	56	16
a	53	26	456
a	40	59	943
a	71	64	981
a	24	22	195
a	84	17	977
a	78	25	302
a	13	42	157
a	19	46	899
a	57	16	286
a	42	82	932
a	3	18	796
a	20	54	694
a	5	32	342
a	58	91	602
a	59	5	301
a	45	93	666
a	45	8	316
a	12	51	37
a	21	54	87
a	79	73	81
a	24	21	774
a	71	20	106
a	75	53	882
a	51	43	450
a	17	27	871
a	100	29	51
a	92	41	269
a	33	31	228
a	4	20	107
a	20	48	973
a	53	39	220
a	85	90	935
a	47	31	225
a	88	17	234
a	23	8	720
a	92	100	605
a	25	68	733
a	60	58	657
a	64	57	292
a	99	76	614
a	35	24	902
a	95	17	539
a	71	35	49
a	3	92	174
a	94	10	822
a	94	53	420
a	73	28	669
a	59	48	905
a	37	45	975
a	87	3	738
a	25	91	77
a	49	25	432
a	96	13	663
a	24	74	738
a	99	22	93
a	84	76	374
a	95	45	462
a	13	57	848
a	23	9	845
a	30	81	632
a	40	76	698
a	84	29	803
a	3	72	511
a	75	80	65
a	30	25	898
a	83	76	710
a	46	88	401
a	67	28	939
a	8	51	624
a	30	10	486
a	10	42	373
a	45	39	81
a	97	67	630
a	47	84	116
a	60	93	193
a	30	58	760
a	7	70	426
a	93	12	996
a	98	75	294
a	16	89	322
a	35	17	517
a	83	96	363
a	97	50	702
a	46	59	336
a	63	39	575
a	80	26	202
a	93	86	998
a	56	78	877
a	54	24	108
a	4	74	712
a	58	2	334
a	56	67	542
a	50	72	504
a	20	70	414
a	37	75	769
a	100	25	679
a	100	19	719
a	35	18	767
a	19	52	68
a	47	23	679
a	55	56	817
a	78	27	732
a	53	72	345
a	100	98	331
a	1	19	12
a	15	13	205
a	4	82	684
a	74	64	1
a	17	73	909
a	9	23	897
a	20	4	526
a	26	44	240
a	35	14	319
a	29	54	675
a	80	40	683
a	14	81	28
a	100	36	164
a	15	53	381
a	75	96	326
a	15	67	506
a	99	83	875
a	5	74	20
a	38	45	106
a	26	93	393
a	61	95	771
a	8	12	92
a	74	2	224
a	68	74	677
a	66	9	221
a	45	22	796
a	14	85	25
a	11	59	376
a	55	3	678
a	8	21	320
a	88	40	481
a	83	56	851
a	46	70	821
a	22	59	916
a	40	83	14
a	57	3	219
a	92	18	281
a	65	70	686
a	94	21	460
a	69	76	329
a	69	55	521
a	55	66	306
a	40	73	25
a	97	54	661
a	30	26	524
a	4	52	323
a	61	42	642
a	63	87	30
a	19	72	106
a	73	98	824
a	91	34	69
a	3	2	214
a	29	3	815
a	8	50	316
a	16	95	114
a	67	35	860
a	3	4	515
a	50	4	695
a	61	59	682
a	24	35	829
a	61	100	470
a	21	79	190
a	88	26	808
a	22	34	564
a	49	70	600
a	15	46	719
a	41	37	1
a	24	48	430
a	90	94	530
a	90	37	458
a	20	6	498
a	54	95	326
a	90	55	758
a	31	98	500
a	18	2	197
a	98	4	552
a	66	6	909
a	97	11	853
a	45	17	807
a	77	23	729
a	33	42	162
a	37	81	658
a	83	17	195
a	27	87	933
a	63	78	88
a	41	84	709
a	6	12	551
a	4	87	681
a	59	97	330
a	79	16	113
a	66	24	728
a	77	8	589
a	31	96	504
a	37	80	869
a	61	37	51
a	37	39	899
a	93	60	900
a	55	37	571
a	66	56	953
a	52	79	481
a	40	6	310
a	35	12	832
a	80	53	91
a	9	44	304
a	26	51	488
a	1	90	686
a	12	31	388
a	46	13	120
a	77	76	937
a	85	64	859
a	9	48	241
a	46	71	810
a	24	36	428
a	3	34	634
a	46	18	232
a	30	73	10
a	59	27	210
a	11	57	393
a	37	96	122
a	4	10	941
a	3	13	976
a	43	20	998
a	22	6	542
a	87	90	249
a	64	16	176
a	30	39	963
a	6	81	706
a	78	92	424
a	83	44	222
a	89	88	948
a	42	49	349
a	83	27	782
a	43	60	587
a	95	11	880
a	43	15	758
a	8	94	2
a	34	63	490
a	64	26	736
a	92	65	410
a	57	17	749
a	8	57	899
a	5	21	476
a	33	77	356
a	25	85	308
a	70	48	35
a	71	14	365
a	74	6	265
a	86	71	532
a	50	11	750
a	6	53	473
a	38	10	71
a	75	30	144
a	86	58	776
a	42	91	518
a	14	43	371
a	5	81	210
a	42	86	982
a	8	93	139
a	28	49	242
a	82	4	474
a	34	97	818
a	45	32	680
a	7	38	901
a	49	7	179
a	12	2	251
a	31	85	300
a	76	7	636
a	6	21	386
a	94	39	701
a	65	90	346
a	11	35	506
a	70	15	564
a	77	7	98
a	47	79	785
a	22	24	787
a	68	48	570
a	62	12	738
a	95	86	519
a	22	2	131
a	100	21	799
a	39	8	258
a	15	26	221
a	56	99	272
a	75	28	204
a	16	24	284
a	14	73	25
a	30	76	718
a	65	85	897
a	69	16	344
a	34	6	105
a	76	98	915
a	29	46	410
a	73	63	781
a	87	18	383
a	78	90	543
a	65	22	963
a	84	81	462
a	69	83	548
a	4	37	128
a	52	7	746
a	35	96	844
a	56	33	357
a	59	76	184
a	11	25	719
a	16	42	336
a	3	80	907
a	40	48	828
a	31	81	247
a	88	67	916
a	63	8	96
a	41	18	689
a	69	32	823
a	90	67	73
a	3	30	36
a	46	33	708
a	18	19	967
a	47	72	203
a	38	15	545
a	38	81	806
a	43	3	210
a	14	27	821
a	24	84	796
a	72	29	435
a	48	15	559
a	45	11	258
a	80	66	245
a	100	53	187
a	63	68	161
a	81	14	492
a	67	29	549
a	26	31	611
a	66	16	177
a	5	22	883
a	81	74	643
a	90	73	956
a	28	86	104
a	42	77	572
a	70	96	53
a	8	18	682
a	25	95	451
a	85	58	915
a	44	74	769
a	55	98	659
a	37	54	297
a	47	18	79
a	53	35	800
a	13	98	524
a	3	52	544
a	90	54	398
a	67	86	174
a	71	100	161
a	50	49	813
a	97	27	359
a	74	59	418
a	93	47	320
a	58	56	320
a	30	42	778
a	45	95	357
a	73	5	496
a	30	85	769
a	66	90	845
a	94	14	367
a	87	68	406
a	93	83	96
a	57	87	171
a	66	17	434
a	19	56	761
a	35	52	970
a	56	13	361
a	90	27	431
a	57	84	894
a	53	76	635
a	73	53	804
a	31	49	189
a	85	23	16
a	43	32	667
a	43	7	127
a	11	62	983
a	100	39	622
a	73	61	922
a	76	43	479
a	84	77	206
a	47	33	288
a	99	41	984
a	86	65	977
a	93	58	102
a	49	43	281
a	55	62	924
a	32	80	339
a	86	72	932
a	24	86	153
a	18	79	398
a	62	38	577
a	19	13	928
a	49	2	32
a	33	87	223
a	55	59	617
a	35	23	687
a	98	37	146
a	66	50	774
a	42	85	400
a	13	73	891
a	35	75	485
a	91	74	285
a	48	58	775
a	43	10	669
a	57	4	375
a	32	58	633
a	39	56	211
a	60	14	191
a	15	10	223
a	52	29	849
a	94	46	282
a	1	87	350
a	59	8	973
a	6	38	47
a	33	68	803
a	58	63	797
a	37	11	377
a	100	43	133
a	65	58	440
a	76	88	44
a	38	34	361
a	17	43	999
a	70	41	72
a	9	4	859
a	37	49	291
a	88	47	293
a	40	79	1
a	37	8	399
a	8	17	321
a	20	82	327
a	44	3	481
a	94	72	476
a	97	57	59
a	6	89	845
a	30	84	943
a	50	32	588
a	99	4	314
a	22	29	353
a	79	76	853
a	13	82	363
a	32	37	206
a	60	64	633
a	6	34	35
a	94	81	652
a	83	41	154
a	85	17	209
a	4	79	156
a	40	47	111
a	14	92	759
a	89	10	348
a	3	49	554
a	50	10	25
a	48	34	321
a	56	85	878
a	78	34	874
a	63	48	236
a	27	23	343
a	75	13	299
a	100	90	960
a	36	32	959
a	75	33	951
a	68	50	979
a	6	75	383
a	11	51	159
a	40	90	557
a	20	83	939
a	88	61	347
a	86	5	56
a	99	67	124
a	55	78	128
a	47	62	294
a	3	95	155
a	21	32	880
a	47	99	51
a	5	95	595
a	94	5	916
a	19	66	28
a	56	26	617
a	19	85	268
a	36	18	465
a	67	15	530
a	79	81	319
a	20	46	360
a	11	82	181
a	51	18	262
a	14	99	689
a	28	72	123
a	97	32	896
a	14	78	899
a	22	3	143
a	26	56	836
a	73	84	586
a	82	13	840
a	81	34	322
a	48	12	793
a	24	10	54
a	3	74	195
a	58	21	46
a	84	21	156
a	67	42	872
a	25	80	840
a	57	43	570
a	13	49	675
a	94	90	983
a	35	39	385
a	98	73	879
a	35	81	449
a	92	53	844
a	33	9	801
a	1	95	409
a	75	62	855
a	81	90	205
a	94	31	346
a	40	20	333
a	85	54	417
a	33	56	243
a	13	58	40
a	11	12	207
a	91	35	887
a	52	76	510
a	10	34	153
a	30	21	264
a	45	68	957
a	82	32	666
a	8	45	245
a	41	79	298
a	77	48	98
a	59	49	914
a	39	18	430
a	39	13	717
a	18	86	339
a	29	2	655
a	5	100	31
a	62	96	739
a	23	91	65
a	42	10	430
a	24	8	468
a	77	54	686
a	67	6	892
a	37	84	526
a	43	5	956
a	38	63	483
a	89	71	253
a	47	91	448
a	100	38	534
a	6	17	431
a	47	97	901
a	69	31	491
a	36	82	630
a	4	78	160
a	79	8	477
a	69	23	196
a	59	4	830
a	31	56	666
a	66	43	22
a	85	63	977
a	93	18	674
a	67	8	395
a	49	69	712
a	12	97	988
a	63	74	602
a	42	29	359
a	91	82	949
a	78	37	213
a	42	83	109
a	59	61	936
a	4	23	665
a	84	44	234
a	75	10	81
a	10	59	320
a	91	53	307
a	82	57	976
a	85	73	465
a	76	27	545
a	68	57	886
a	55	73	445
a	50	24	613
a	90	26	938
a	28	39	47
a	11	92	639
a	73	66	339
a	42	93	393
a	93	6	885
a	25	28	783
a	16	27	716
a	100	14	946
a	90	81	431
a	96	52	80
a	57	37	442
a	10	44	900
a	27	63	131
a	23	43	129
a	31	42	538
a	94	99	376
a	28	89	338
a	37	68	124
a	67	44	201
a	23	35	710
a	35	33	660
a	95	9	276
a	53	59	902
a	56	44	98
a	14	32	605
a	98	99	41
a	100	87	837
a	72	31	55
a	34	59	840
a	20	49	501
a	28	29	876
a	10	81	472
a	12	67	410
a	71	26	664
a	13	30	698
a	89	18	867
a	56	66	396
a	49	95	827
a	70	89	678
a	54	26	363
a	6	31	261
a	41	39	538
a	74	62	15
a	14	97	368
a	98	36	105
a	16	19	925
a	1	88	937
a	68	6	780
a	25	7	22
a	79	22	350
a	29	13	912
a	94	68	729
a	91	13	621
a	6	64	845
a	30	62	555
a	54	87	543
a	6	98	643
a	31	47	90
a	90	38	21
a	78	43	875
a	48	73	818
a	7	24	431
a	65	35	737
a	78	51	619
a	95	15	84
a	25	32	559
a	15	95	981
a	22	10	538
a	54	16	831
a	63	2	708
a	50	75	346
a	100	51	514
a	56	31	563
a	20	60	320
a	93	100	862
a	4	80	791
a	14	34	298
a	73	94	388
a	13	56	140
a	42	79	885
a	31	75	37
a	25	36	746
a	7	52	76
a	41	67	433
a	12	78	274
a	53	58	860
a	97	93	549
a	70	21	595
a	44	92	83
a	40	69	415
a	89	11	784
a	76	84	627
a	1	57	314
a	1	40	590
a	37	2	341
a	55	71	371
a	52	81	249
a	81	94	414
a	15	58	951
a	28	30	865
a	32	23	683
a	35	28	498
a	61	79	734
a	42	88	655
a	93	43	971
a	41	82	875
a	16	92	45
a	68	21	649
a	31	11	219
a	29	19	417
a	87	94	501
a	62	80	289
a	79	56	817
a	78	30	882
a	13	21	629
a	41	62	210
a	45	33	502
a	13	24	371
a	3	26	495
a	84	55	871
a	21	13	997
a	11	8	291
a	54	42	231
a	82	25	407
a	44	88	378
a	53	44	465
a	74	89	559
a	40	3	341
a	21	8	493
a	81	51	74
a	62	74	131
a	72	36	845
a	41	85	785
a	72	6	326
a	63	9	393
a	36	21	417
a	28	78	251
a	17	96	673
a	85	68	138
a	30	83	910
a	78	93	866
a	36	100	445
a	24	57	1
a	75	67	673
a	13	37	204
a	35	2	250
a	87	23	184
a	38	20	105
a	80	96	546
a	68	95	163
a	4	70	901
a	60	47	528
a	83	89	374
a	27	9	156
a	16	32	560
a	50	94	822
a	67	94	839
a	37	48	196
a	35	47	149
a	6	80	877
a	7	44	533
a	65	99	527
a	39	61	663
a	88	69	631
a	6	84	224
a	68	43	312
a	31	94	767
a	98	62	459
a	58	47	471
a	33	6	217
a	99	33	272
a	36	40	647
a	41	72	751
a	1	2	175
a	30	2	648
a	90	44	207
a	60	62	555
a	72	40	470
a	18	7	812
a	59	20	966
a	90	63	42
a	97	31	53
a	58	18	955
a	26	46	735
a	75	59	49
a	7	63	216
a	99	19	102
a	21	20	188
a	19	99	163
a	46	74	658
a	5	59	68
a	37	5	600
a	27	64	858
a	56	37	350
a	36	13	851
a	64	99	391
a	47	7	929
a	41	13	512
a	82	22	553
a	55	17	221
a	69	58	548
a	60	3	126
a	91	26	386
a	15	8	950
a	55	25	677
a	90	52	595
a	50	70	685
a	56	77	429
a	70	25	681
a	84	98	958
a	44	26	824
a	29	100	79
a	30	65	707
a	27	22	352
a	50	68	454
a	43	61	897
a	51	26	94
a	96	82	318
a	35	16	845
a	68	16	419
a	41	93	227
a	21	67	144
a	34	94	956
a	23	32	746
a	97	44	420
a	34	55	828
a	64	39	284
a	89	57	58
a	81	69	732
a	27	97	884
a	71	73	616
a	81	95	157
a	63	10	484
a	21	100	959
a	97	28	302
a	52	91	810
a	32	36	802
a	76	50	624
a	19	5	114
a	55	99	77
a	91	76	536
a	89	29	838
a	46	17	115
a	41	100	880
a	19	43	537
a	80	31	138
a	49	52	166
a	33	66	55
a	88	35	898
a	70	91	3
a	54	10	982
a	52	61	11
a	95	5	877
a	93	69	192
a	51	9	858
a	79	88	156
a	13	39	788
a	4	51	225
a	19	47	886
a	65	52	217
a	81	72	861
a	87	9	744
a	16	94	990
a	84	33	719
a	51	21	246
a	20	22	187
a	35	86	983
a	46	94	404
a	20	97	8
a	66	32	597
a	75	35	851
a	37	25	26
a	7	81	143
a	52	28	188
a	30	7	383
a	36	56	996
a	41	94	973
a	16	54	506
a	17	82	514
a	59	19	71
a	65	87	309
a	93	31	141
a	23	7	818
a	87	81	897
a	91	36	99
a	14	12	746
a	33	30	77
a	51	68	354
a	79	31	481
a	61	12	254
a	72	21	810
a	84	7	674
a	38	35	494
a	75	95	110
a	9	31	713
a	18	49	784
a	88	55	978
a	77	67	577
a	20	9	762
a	53	77	252
a	71	56	158
a	76	6	911
a	81	88	277
a	91	92	317
a	91	43	558
a	92	35	318
a	44	78	304
a	46	44	987
a	92	74	890
a	32	62	603
a	47	32	757
a	93	55	59
a	20	59	368
a	25	77	229
a	96	16	411
a	51	77	579
a	1	36	712
a	45	25	226
a	85	67	997
a	58	76	926
a	62	45	53
a	77	44	924
a	40	13	378
a	62	31	800
a	80	11	210
a	45	34	394
a	16	35	885
a	50	98	380
a	88	66	791
a	3	67	179
a	49	74	496
a	14	44	997
a	50	56	879
a	58	45	849
a	56	28	549
a	27	50	121
a	11	3	407
a	74	31	831
a	14	61	232
a	64	67	71
a	4	88	476
a	33	25	989
a	82	51	552
a	67	88	236
a	92	58	534
a	87	53	731
a	88	14	774
a	32	96	976
a	70	44	740
a	4	85	68
a	82	16	820
a	39	31	506
a	31	6	863
a	10	100	324
a	76	49	346
a	72	13	983
a	45	6	67
a	95	26	227
a	43	6	622
a	5	41	403
a	57	91	835
a	99	57	741
a	85	16	357
a	61	16	226
a	95	59	50
a	83	73	88
a	74	92	661
a	54	80	37
a	24	93	765
a	41	43	851
a	55	43	969
a	86	30	188
a	28	26	672
a	56	54	45
a	10	99	986
a	76	4	202
a	48	25	386
a	1	99	541
a	55	58	742
a	75	34	980
a	39	83	23
a	36	17	745
a	26	72	769
a	78	22	378
a	65	15	996
a	35	32	97
a	77	71	829
a	15	47	895
a	89	32	29
a	88	62	281
a	84	8	705
a	48	19	14
a	100	91	3
a	76	12	829
a	64	55	405
a	98	66	551
a	39	41	763
a	76	29	954
a	24	62	775
a	66	80	170
a	35	42	838
a	36	25	910
a	56	92	432
a	49	6	206
a	13	78	267
a	60	97	85
a	34	33	669
a	94	54	331
a	7	18	876
a	91	100	620
a	37	28	208
a	77	20	132
a	61	70	808
a	68	12	94
a	51	75	646
a	27	34	846
a	33	8	905
a	45	23	386
a	5	29	684
a	59	56	167
a	50	30	75
a	51	48	371
a	16	39	229
a	6	11	370
a	3	40	767
a	69	26	336
a	10	16	593
a	26	95	57
a	90	86	893
a	49	39	253
a	32	100	437
a	71	99	22
a	44	47	525
a	91	80	2
a	42	58	352
a	39	64	25
a	16	22	347
a	73	10	893
a	43	71	963
a	37	88	514
a	60	45	39
a	12	24	856
a	53	81	677
a	23	11	271
a	59	69	748
a	27	76	422
a	53	24	137
a	89	30	861
a	44	73	846
a	3	81	452
a	72	46	166
a	79	51	812
a	37	85	851
a	4	61	176
a	86	48	103
a	14	2	607
a	82	21	142
a	13	91	963
a	10	96	401
a	31	51	134
a	4	91	371
a	4	2	918
a	5	83	96
a	33	11	76
a	99	100	616
a	3	59	842
a	38	94	855
a	6	61	615
a	68	66	227
a	80	60	937
a	27	99	841
a	39	69	737
a	63	84	476
a	84	100	468
a	77	55	694
a	47	38	68
a	84	22	457
a	35	74	241
a	60	4	67
a	12	53	161
a	96	43	315
a	4	67	549
a	88	49	81
a	61	92	446
a	44	79	36
a	10	13	638
a	39	66	49
a	33	50	913
a	74	70	471
a	10	2	579
a	51	33	463
a	54	7	249
a	86	7	524
a	72	88	796
a	34	84	703
a	72	9	167
a	18	24	768
a	30	59	896
a	1	17	823
a	52	44	883
a	47	46	436
a	85	79	308
a	77	39	358
a	74	84	930
a	42	34	957
a	86	34	581
a	37	43	222
a	97	33	612
a	100	23	960
a	86	29	867
a	53	68	365
a	64	79	224
a	16	53	809
a	65	34	884
a	16	67	90
a	96	19	674
a	39	50	784
a	75	3	712
a	83	64	588
a	99	86	332
a	4	9	317
a	48	20	98
a	100	45	623
a	51	95	402
a	59	24	987
a	40	62	108
a	90	13	522
a	72	66	112
a	23	37	38
a	52	90	108
a	5	97	694
a	29	78	93
a	31	45	285
a	6	76	777
a	42	92	991
a	91	23	994
a	29	42	625
a	30	92	870
a	98	55	873
a	54	78	680
a	21	97	462
a	4	89	531
a	28	42	603
a	26	97	51
a	62	9	675
a	13	9	778
a	84	40	67
a	5	53	353
a	23	27	622
a	49	84	878
a	84	53	539
a	32	43	820
a	70	100	81
a	9	8	928
a	19	80	72
a	67	46	94
a	51	47	292
a	22	55	195
a	5	28	976
a	80	33	613
a	13	35	498
a	93	46	305
a	61	38	449
a	68	77	836
a	32	35	670
a	64	27	199
a	96	58	671
a	89	68	372
a	31	19	731
a	39	98	774
a	71	75	904
a	25	3	361
a	65	77	508
a	35	80	433
a	88	22	898
a	7	84	486
a	40	23	989
a	68	55	567
a	57	44	381
a	64	60	557
a	88	20	510
a	90	68	479
a	61	62	215
a	10	91	914
a	18	83	307
a	59	53	159
a	60	92	489
a	98	26	593
a	83	95	647
a	81	55	920
a	23	99	314
a	40	88	35
a	19	11	246
a	23	4	109
a	12	80	414
a	41	23	790
a	87	39	62
a	69	5	668
a	14	63	31
a	77	16	251
a	28	45	1
a	12	46	609
a	1	48	326
a	9	54	575
a	86	20	363
a	90	79	998
a	43	45	508
a	97	95	671
a	71	29	512
a	98	44	868
a	38	31	816
a	43	14	79
a	51	7	190
a	52	19	62
a	68	51	137
a	35	66	794
a	18	39	272
a	28	12	280
a	95	99	853
a	50	5	890
a	55	90	623
a	49	32	303
a	46	45	958
a	58	15	755
a	26	96	456
a	93	9	620
a	31	36	518
a	41	63	826
a	78	36	421
a	70	51	130
a	73	3	908
a	25	35	484
a	32	46	295
a	84	11	667
a	76	53	7
a	15	69	353
a	81	28	79
a	51	25	272
a	50	34	149
a	29	31	12
a	79	36	114
a	25	59	72
a	9	72	374
a	25	48	488
a	37	18	371
a	28	85	746
a	31	68	847
a	78	66	892
a	80	19	110
a	31	32	415
a	18	91	730
a	84	99	404
a	76	10	590
a	36	45	407
a	20	40	62
a	24	6	967
a	90	14	773
a	69	12	364
a	40	65	276
a	73	36	829
a	63	67	656
a	24	52	446
a	74	38	644
a	100	80	653
a	88	54	135
a	99	29	782
a	76	17	708
a	52	21	938
a	23	79	763
a	18	9	689
a	91	83	711
a	38	68	599
a	86	13	721
a	96	59	320
a	85	48	993
a	63	40	238
a	16	64	481
a	35	84	227
a	48	93	333
a	17	80	516
a	26	87	970
a	82	9	233
a	62	49	152
a	43	56	74
a	53	66	147
a	38	29	915
a	11	81	311
a	84	90	293
a	19	48	975
a	7	93	735
a	53	100	770
a	53	95	896
a	98	19	18
a	75	90	271
a	44	24	808
a	28	77	611
a	63	18	179
a	36	24	728
a	22	87	498
a	65	56	339
a	52	30	644
a	63	44	920
a	67	92	283
a	80	98	235
a	25	84	645
a	6	62	288
a	38	82	83
a	19	50	648
a	74	22	371
a	52	99	896
a	20	53	44
a	54	41	214
a	23	89	346
a	85	4	914
a	52	10	322
a	89	28	423
a	13	83	738
a	13	38	748
a	19	28	163
a	12	71	48
a	9	85	427
a	61	40	57
a	60	30	244
a	61	11	145
a	1	12	793
a	61	31	824
a	29	20	626
a	97	69	996
a	55	35	627
a	16	88	259
a	67	82	926
a	30	55	408
a	3	83	35
a	58	77	839
a	74	47	772
a	19	45	289
a	81	26	682
a	74	90	413
a	81	37	71
a	12	41	626
a	88	50	87
a	54	38	203
a	19	63	163
a	33	29	860
a	28	7	5
a	86	17	250
a	48	85	631
a	27	100	809
a	7	67	367
a	46	47	668
a	78	3	169
a	27	18	944
a	53	6	923
a	46	73	942
a	96	44	884
a	3	87	233
a	55	74	104
a	64	96	950
a	16	30	302
a	49	87	279
a	22	98	188
a	72	54	979
a	9	92	279
a	37	90	647
a	96	61	361
a	40	95	434
a	71	60	688
a	59	71	211
a	31	64	344
a	78	50	905
a	85	80	233
a	8	88	897
a	24	31	994
a	21	96	701
a	49	14	805
a	14	67	939
a	78	71	153
a	30	29	764
a	99	47	113
a	64	59	953
a	39	37	389
a	31	83	770
a	25	19	618
a	82	90	721
a	69	36	804
a	79	21	55
a	46	20	360
a	96	45	330
a	23	33	301
a	27	6	799
a	66	54	581
a	53	18	906
a	96	62	209
a	36	78	221
a	58	97	446
a	63	35	444
a	53	98	958
a	55	69	250
a	86	40	311
a	80	13	987
a	76	32	654
a	95	62	546
a	5	79	348
a	19	32	157
a	100	2	795
a	57	26	779
a	39	9	485
a	23	85	300
a	50	100	445
a	43	41	153
a	7	98	660
a	6	13	516
a	37	72	767
a	94	80	510
a	54	35	15
a	63	85	110
a	49	59	844
a	7	29	437
a	89	60	198
a	26	86	292
a	79	74	313
a	17	83	178
a	36	80	574
a	27	57	779
a	87	79	701
a	13	76	709
a	99	13	568
a	81	92	946
a	42	9	245
a	5	17	727
a	73	42	883
a	84	24	266
a	78	52	604
a	7	50	381
a	55	94	129
a	3	7	374
a	99	51	931
a	98	22	866
a	51	73	334
a	64	29	210
a	31	50	774
a	31	22	964
a	77	30	289
a	94	11	604
a	96	77	707
a	75	29	725
a	98	90	429
a	80	76	899
a	80	32	784
a	1	58	315
a	74	17	479
a	33	90	138
a	30	91	311
a	100	11	397
a	37	94	842
a	46	11	565
a	57	32	524
a	67	53	166
a	44	83	688
a	25	92	471
a	30	41	72
a	19	12	370
a	29	36	82
a	79	69	745
a	15	24	783
a	42	55	392
a	76	23	6
a	5	77	801
a	46	55	124
a	63	3	239
a	51	64	162
a	13	28	676
a	51	70	3
a	48	50	755
a	82	12	165
a	78	6	294
a	31	39	443
a	20	30	815
a	78	100	154
a	77	24	394
a	67	26	587
a	91	57	105
a	44	59	778
a	46	6	423
a	17	9	371
a	38	50	331
a	36	48	541
a	44	49	490
a	97	43	642
a	43	37	580
a	86	15	331
a	46	25	317
a	25	45	30
a	54	92	137
a	14	56	896
a	27	5	535
a	84	61	670
a	53	10	51
a	80	67	852
a	15	40	854
a	12	6	411
a	34	76	233
a	77	47	680
a	75	88	796
a	90	97	781
a	18	89	205
a	92	50	860
a	89	97	615
a	17	5	184
a	61	76	635
a	58	3	755
a	55	15	773
a	70	49	434
a	29	18	145
a	30	51	320
a	69	70	317
a	98	29	184
a	68	59	990
a	26	41	836
a	74	36	19
a	70	95	409
a	25	39	924
a	94	24	184
a	62	92	763
a	41	77	241
a	29	59	210
a	84	3	509
a	11	91	547
a	8	5	717
a	46	26	691
a	11	72	737
a	70	88	622
a	17	35	20
a	87	44	982
a	46	95	294
a	5	15	545
a	46	19	321
a	28	75	388
a	44	50	144
a	13	55	190
a	41	9	555
a	57	13	615
a	15	38	336
a	85	84	624
a	3	6	780
a	47	57	780
a	25	26	915
a	14	60	877
a	48	5	479
a	44	91	526
a	88	96	387
a	47	98	799
a	28	18	594
a	31	97	591
a	58	94	391
a	43	28	598
a	66	31	131
a	13	26	178
a	90	34	454
a	99	11	795
a	9	12	316
a	65	88	810
a	57	96	499
a	76	70	679
a	94	84	10
a	54	85	547
a	6	20	829
a	9	32	374
a	84	56	648
a	40	11	699
a	5	78	353
a	24	9	109
a	64	83	387
a	80	39	475
a	91	47	857
a	76	41	318
a	22	17	999
a	88	21	983
a	100	8	58
a	18	16	583
a	75	55	934
a	13	14	32
a	70	79	881
a	23	42	324
a	42	7	150
a	71	6	408
a	21	90	476
a	64	37	438
a	65	5	265
a	76	46	351
a	6	90	722
a	97	75	878
a	76	25	92
a	84	86	835
a	15	43	791
a	54	33	274
a	65	12	673
a	13	77	470
a	28	46	525
a	17	30	239
a	20	45	843
a	91	29	50
a	40	99	364
a	15	32	134
a	91	63	868
a	66	70	791
a	92	56	954
a	35	4	114
a	97	7	637
a	23	34	336
a	15	23	526
a	8	60	130
a	95	42	851
a	44	8	758
a	74	48	243
a	32	3	162
a	64	5	276
a	45	36	886
a	68	67	332
a	1	59	209
a	69	21	877
a	90	2	545
a	54	97	766
a	62	55	727
a	48	40	92
a	92	95	95
a	100	20	438
a	64	11	55
a	50	18	5
a	18	17	980
a	53	67	428
a	26	58	750
a	16	9	11
a	78	19	171
a	92	79	291
a	51	59	705
a	22	16	297
a	1	91	789
a	1	38	582
a	71	98	581
a	75	71	255
a	74	68	906
a	22	38	627
a	67	21	406
a	92	2	867
a	12	43	619
a	21	78	134
a	79	47	18
a	8	27	888
a	58	80	357
a	91	95	999
a	83	72	211
a	27	2	100
a	92	12	174
a	33	58	263
a	69	60	413
a	55	80	623
a	8	14	750
a	4	76	190
a	43	87	838
a	79	50	640
a	19	64	434
a	63	86	241
a	23	75	148
a	90	30	252
a	97	46	651
a	4	44	268
a	22	67	917
a	82	92	118
a	48	79	40
a	89	38	852
a	80	30	581
a	77	9	624
a	7	4	326
a	73	37	471
a	24	68	541
a	3	9	574
a	35	5	915
a	87	52	840
a	46	69	961
a	85	33	323
a	48	75	915
a	46	99	511
a	44	25	540
a	28	93	173
a	13	8	628
a	7	28	233
a	62	54	881
a	38	2	71
a	52	69	154
a	77	63	91
a	100	31	764
a	62	56	936
a	80	16	286
a	19	76	57
a	59	98	5
a	28	73	229
a	80	77	792
a	20	88	618
a	10	57	266
a	20	65	635
a	20	23	9
a	24	85	491
a	62	25	110
a	78	46	83
a	29	90	747
a	72	10	75
a	33	20	721
a	95	49	14
a	11	2	605
a	60	68	935
a	60	55	233
a	55	40	216
a	14	4	147
a	32	27	547
a	25	90	111
a	88	87	398
a	71	33	503
a	79	42	464
a	97	98	305
a	3	64	265
a	92	94	763
a	50	60	769
a	82	73	32
a	6	46	703
a	7	65	763
a	44	34	335
a	86	87	264
a	22	48	148
a	53	70	530
a	91	31	182
a	80	86	301
a	33	62	415
a	12	17	702
a	47	66	319
a	73	21	228
a	18	94	635
a	35	87	556
a	4	14	520
a	41	69	242
a	10	35	194
a	72	80	388
a	24	94	636
a	86	54	336
a	32	76	344
a	35	95	370
a	76	65	899
a	70	10	699
a	93	23	903
a	10	72	408
a	76	54	283
a	12	84	697
a	84	25	985
a	45	28	66
a	93	66	505
a	20	42	136
a	45	29	896
a	33	97	59
a	63	50	929
a	3	79	132
a	81	16	922
a	23	19	402
a	59	9	299
a	71	18	114
a	4	19	752
a	1	24	253
a	62	37	972
a	74	12	692
a	82	56	865
a	39	62	838
a	88	8	778
a	42	30	960
a	94	16	493
a	66	38	791
a	78	5	551
a	60	87	644
a	22	26	463
a	98	68	65
a	68	89	1
a	60	48	135
a	20	29	47
a	28	63	376
a	72	34	989
a	83	43	311
a	5	24	84
a	34	82	148
a	65	66	88
a	27	38	568
a	48	64	663
a	24	70	152
a	54	23	447
a	90	5	206
a	83	100	635
a	32	68	29
a	73	68	874
a	75	37	531
a	13	11	366
a	65	42	538
a	43	19	631
a	82	6	913
a	42	62	316
a	10	19	284
a	55	61	706
a	23	14	795
a	57	85	534
a	41	71	488
a	1	68	194
a	36	68	742
a	60	74	494
a	92	23	785
a	36	43	533
a	85	31	516
a	35	48	566
a	63	80	641
a	42	6	452
a	62	86	50
a	34	57	928
a	32	64	999
a	53	19	198
a	16	4	126
a	39	79	769
a	32	78	843
a	76	15	800
a	94	50	261
a	87	76	482
a	78	13	291
a	56	50	10
a	59	38	246
a	8	37	613
a	59	75	255
a	90	58	995
a	64	85	941
a	69	95	253
a	43	78	350
a	21	99	374
a	34	37	856
a	36	96	605
a	82	28	333
a	86	79	103
a	84	45	846
a	93	95	472
a	39	55	390
a	78	4	527
a	29	64	915
a	45	89	719
a	89	94	200
a	63	62	333
a	33	40	402
a	13	87	387
a	53	23	578
a	70	57	445
a	71	95	54
a	52	72	833
a	35	62	305
a	69	96	436
a	12	21	412
a	44	84	611
a	97	4	662
a	48	96	111
a	30	94	999
a	95	40	931
a	42	61	190
a	9	83	342
a	20	67	267
a	11	90	665
a	42	41	138
a	73	30	387
a	65	51	977
a	13	31	502
a	72	67	782
a	5	96	959
a	75	68	727
a	20	57	911
a	97	34	574
a	75	97	15
a	21	95	193
a	23	94	908
a	100	28	842
a	76	40	153
a	78	86	700
a	64	14	737
a	57	35	632
a	47	3	490
a	26	20	875
a	85	37	197
a	12	22	878
a	3	53	638
a	85	98	289
a	10	41	855
a	52	3	907
a	50	19	299
a	69	30	771
a	77	51	931
a	90	65	672
a	61	26	256
a	90	80	54
a	12	77	997
a	24	18	342
a	3	100	76
a	56	21	860
a	60	21	889
a	12	99	614
a	43	4	62
a	51	45	709
a	1	85	102
a	84	59	163
a	28	81	858
a	89	45	39
a	69	74	52
a	9	20	716
a	19	44	531
a	28	95	935
a	59	67	819
a	44	98	89
a	43	64	854
a	82	43	43
a	8	46	333
a	81	52	264
a	25	41	503
a	75	99	461
a	29	40	413
a	81	77	646
a	95	23	801
a	5	72	109
a	25	11	636
a	72	4	732
a	92	6	429
a	80	51	213
a	99	27	382
a	54	11	134
a	51	19	599
a	99	54	503
a	46	80	893
a	91	69	337
a	61	10	710
a	72	39	388
a	28	53	243
a	69	8	686
a	82	80	964
a	9	74	262
a	30	49	149
a	8	31	582
a	65	29	317
a	26	61	780
a	89	5	109
a	50	8	376
a	96	34	480
a	15	44	675
a	24	88	275
a	13	29	550
a	94	86	105
a	94	70	376
a	79	12	44
a	25	31	88
a	33	37	11
a	13	71	522
a	8	80	792
a	86	78	148
a	10	97	857
a	9	15	999
a	37	71	1
a	67	39	839
a	72	76	640
a	43	99	669
a	94	55	572
a	91	97	791
a	39	43	573
a	49	29	786
a	45	96	809
a	18	55	196
a	51	24	936
a	76	8	834
a	98	3	505
a	1	64	654
a	88	74	662
a	83	45	620
a	18	93	541
a	25	67	425
a	60	44	46
a	20	50	670
a	24	63	568
a	75	23	947
a	50	81	298
a	96	94	74
a	1	61	111
a	14	26	247
a	6	63	307
a	78	79	379
a	20	32	350
a	32	75	19
a	93	72	147
a	61	8	48
a	50	44	10
a	72	78	468
a	19	65	233
a	86	59	907
a	9	46	268
a	75	76	943
a	18	57	988
a	21	91	71
a	55	86	742
a	92	80	812
a	3	10	852
a	70	74	935
a	14	69	540
a	75	78	590
a	86	25	197
a	80	15	261
a	79	11	62
a	17	62	261
a	98	60	717
a	25	56	822
a	62	87	380
a	18	71	312
a	29	99	190
a	41	65	420
a	34	43	356
a	80	58	188
a	93	78	329
a	42	70	779
a	65	36	73
a	77	52	433
a	90	60	210
a	56	89	769
a	81	49	91
a	72	59	410
a	88	81	610
a	89	82	18
a	68	25	547
a	84	39	285
a	16	11	910
a	83	21	980
a	1	41	159
a	58	36	573
a	51	28	32
a	81	97	40
a	25	89	668
a	80	6	391
a	56	29	697
a	43	70	520
a	92	73	381
a	90	9	814
a	10	20	93
a	80	29	164
a	90	21	912
a	12	93	455
a	47	75	964
a	5	33	966
a	53	78	844
a	49	23	695
a	56	42	491
a	96	87	818
a	63	53	427
a	49	41	593
a	10	80	930
a	62	10	333
a	51	38	131
a	79	61	911
a	63	75	323
a	87	71	557
a	98	96	184
a	92	75	520
a	62	83	962
a	55	84	70
a	87	37	392
a	92	46	819
a	20	68	362
a	24	45	843
a	32	59	917
a	53	62	88
a	19	98	618
a	71	58	896
a	46	3	410
a	24	3	370
a	87	86	109
a	28	58	928
a	11	21	204
a	39	2	304
a	91	58	757
a	52	86	665
a	93	81	874
a	1	30	85
a	65	10	293
a	10	50	359
a	42	40	913
a	60	54	943
a	75	17	769
a	79	89	26
a	76	73	925
a	23	65	304
a	69	50	702
a	66	97	261
a	37	10	511
a	56	83	556
a	76	83	381
a	40	15	223
a	61	51	597
a	58	27	937
a	31	23	444
a	31	34	250
a	57	24	974
a	53	75	127
a	43	24	674
a	63	76	787
a	81	43	357
a	68	11	542
a	92	91	921
a	15	79	123
a	94	12	294
a	59	46	799
a	69	13	410
a	43	91	651
a	37	89	409
a	33	10	553
a	86	57	84
a	91	20	483
a	13	65	972
a	39	92	513
a	8	47	654
a	84	93	208
a	4	25	924
a	3	41	828
a	44	13	6
a	97	19	413
a	97	25	212
a	40	52	326
a	16	49	163
a	13	46	268
a	72	75	632
a	39	63	591
a	91	87	479
a	57	63	859
a	28	19	331
a	80	72	943
a	68	31	436
a	9	30	627
a	97	18	626
a	24	33	951
a	73	34	328
a	36	2	552
a	1	71	521
a	58	53	390
a	64	28	389
a	75	22	41
a	67	32	670
a	22	75	46
a	23	25	843
a	100	34	460
a	75	82	710
a	67	40	400
a	77	4	273
a	77	12	116
a	1	20	854
a	22	54	37
a	70	78	78
a	82	61	426
a	28	69	263
a	79	84	821
a	94	41	913
a	33	17	298
a	31	74	153
a	85	43	24
a	16	7	858
a	36	69	433
a	92	49	379
a	46	15	502
a	6	43	287
a	58	64	893
a	72	8	39
a	87	17	30
a	46	100	533
a	45	50	533
a	96	7	148
a	79	70	599
a	18	84	873
a	61	96	218
a	16	21	980
a	36	74	269
a	57	10	264
a	82	30	896
a	100	24	31
a	47	67	393
a	33	39	394
a	85	22	737
a	64	10	58
a	47	12	92
a	41	27	220
a	94	59	230
a	72	53	407
a	49	35	756
a	9	94	149
a	17	90	358
a	35	34	492
a	26	25	938
a	80	52	159
a	30	19	7
a	96	37	79
a	99	2	301
a	96	68	528
a	86	31	432
a	88	24	974
a	84	78	585
a	65	83	953
a	10	51	258
a	32	66	864
a	86	60	247
a	40	21	412
a	88	60	644
a	86	47	643
a	40	74	697
a	45	27	438
a	1	25	712
a	96	3	826
a	78	33	281
a	19	34	419
a	4	96	293
a	18	41	294
a	66	98	625
a	58	78	113
a	81	11	160
a	43	69	771
a	7	49	23
a	77	22	978
a	45	55	474
a	52	97	452
a	58	51	370
a	81	17	853
a	90	19	274
a	51	79	209
a	70	64	631
a	19	61	596
a	58	7	906
a	15	30	891
a	63	42	192
a	47	24	932
a	52	4	122
a	46	63	39
a	26	13	310
a	57	77	886
a	5	90	605
a	63	17	807
a	52	71	31
a	40	2	322
a	59	50	839
a	1	33	122
a	7	30	982
a	16	28	872
a	98	67	598
a	34	89	104
a	83	74	397
a	86	81	323
a	97	36	826
a	95	96	486
a	26	24	534
a	15	6	596
a	35	72	527
a	27	93	427
a	20	99	426
a	28	14	218
a	63	96	487
a	95	64	518
a	80	7	549
a	59	87	901
a	98	89	94
a	8	2	65
a	92	45	944
a	97	85	502
a	51	96	141
a	90	51	278
a	25	58	616
a	57	56	536
a	29	22	209
a	77	99	678
a	13	80	674
a	67	30	119
a	66	78	212
a	51	32	319
a	18	78	588
a	82	94	632
a	71	3	486
a	11	84	967
a	10	71	296
a	94	43	370
a	48	97	955
a	7	99	327
a	63	92	209
a	5	88	366
a	72	92	833
a	31	95	168
a	39	17	900
a	41	49	40
a	50	48	581
a	41	32	795
a	49	78	801
a	98	24	128
a	91	50	387
a	86	42	364
a	39	54	806
a	75	7	227
a	65	23	993
a	36	57	612
a	38	5	688
a	98	56	425
a	29	71	598
a	25	16	881
a	46	96	677
a	71	21	635
a	32	51	869
a	34	87	215
a	78	88	612
a	15	86	196
a	16	91	362
a	14	8	738
a	77	34	878
a	52	92	972
a	85	2	277
a	81	44	976
a	7	90	888
a	84	87	676
a	83	24	805
a	90	32	105
a	64	7	249
a	52	13	817
a	11	71	644
a	38	9	702
a	71	80	942
a	71	81	832
a	87	80	367
a	40	89	56
a	9	79	69
a	88	58	2
a	12	19	733
a	26	17	974
a	23	87	694
a	9	10	87
a	15	16	677
a	56	98	553
a	84	43	279
a	73	90	533
a	14	70	632
a	62	39	407
a	71	87	684
a	30	61	399
a	24	28	480
a	11	36	943
a	36	71	452
a	38	14	75
a	62	27	934
a	40	26	437
a	39	88	302
a	94	35	757
a	23	73	257
a	15	55	715
a	33	38	230
a	78	85	248
a	100	35	424
a	3	11	149
a	42	51	226
a	85	41	61
a	97	37	250
a	21	74	903
a	37	91	751
a	42	100	349
a	6	19	678
a	41	29	761
a	41	44	137
a	85	51	231
a	40	49	212
a	35	98	114
a	89	61	925
a	56	41	372
a	81	96	184
a	88	46	738
a	16	78	790
a	88	16	230
a	77	2	718
a	36	97	618
a	43	85	942
a	28	27	713
a	25	61	825
a	22	100	658
a	99	92	885
a	54	82	232
a	56	74	876
a	57	15	496
a	21	69	331
a	36	50	424
a	71	54	205
a	40	36	959
a	76	9	225
a	66	44	437
a	10	85	850
a	53	79	232
a	54	69	434
a	52	94	950
a	14	96	192
a	80	84	22
a	30	93	179
a	33	78	576
a	47	93	541
a	99	58	413
a	20	72	970
a	78	94	422
a	55	31	277
a	14	68	807
a	26	15	428
a	61	91	531
a	25	66	778
a	52	59	67
a	4	66	952
a	70	19	876
a	65	68	671
a	41	66	274
a	84	41	955
a	5	56	752
a	67	48	764
a	5	18	567
a	13	47	883
a	23	63	329
a	99	26	171
a	69	47	799
a	15	99	654
a	40	24	412
a	53	45	736
a	42	67	243
a	12	89	77
a	25	65	180
a	42	99	560
a	1	55	235
a	27	25	526
a	83	75	394
a	48	71	18
a	65	94	99
a	25	18	481
a	8	62	112
a	87	69	234
a	74	43	119
a	31	44	262
a	56	19	715
a	89	76	893
a	48	23	422
a	36	99	161
a	86	41	749
a	75	19	842
a	16	93	594
a	62	35	718
a	54	47	589
a	94	76	174
a	87	82	347
a	28	34	874
a	19	71	599
a	62	47	156
a	57	55	81
a	97	79	682
a	39	32	748
a	17	52	341
a	40	33	415
a	95	61	231
a	84	47	788
a	70	2	246
a	40	82	267
a	48	17	359
a	88	95	806
a	37	59	979
a	4	54	679
a	98	95	887
a	20	96	763
a	85	71	408
a	51	88	891
a	94	30	49
a	86	84	647
a	70	39	812
a	84	92	318
a	66	12	230
a	15	97	397
a	98	53	329
a	82	83	116
a	1	78	653
a	64	71	235
a	37	97	291
a	15	65	499
a	84	96	960
a	98	39	441
a	52	93	194
a	97	80	395
a	35	67	149
a	80	94	652
a	14	52	845
a	19	75	908
a	65	8	723
a	79	15	695
a	9	90	673
a	1	39	236
a	45	81	8
a	100	74	250
a	52	9	713
a	6	18	469
a	93	17	432
a	95	33	785
a	66	25	901
a	79	5	891
a	79	3	714
a	11	66	248
a	45	19	522
a	30	66	269
a	1	27	57
a	44	87	867
a	56	12	917
a	78	56	971
a	97	72	43
a	3	91	565
a	20	84	623
a	29	60	816
a	95	52	801
a	41	87	743
a	63	25	987
a	56	23	613
a	31	91	975
a	43	65	764
a	45	31	198
a	32	60	100
a	23	31	465
a	47	34	414
a	15	77	4
a	82	76	463
a	13	90	705
a	7	3	935
a	15	48	246
a	19	16	119
a	85	97	48
a	47	15	288
a	63	88	216
a	98	88	5
a	83	88	828
a	88	15	902
a	98	43	722
a	97	23	302
a	46	8	973
a	92	88	819
a	15	100	413
a	9	58	721
a	82	33	886
a	88	56	401
a	85	53	718
a	96	8	727
a	31	9	815
a	72	37	24
a	47	17	206
a	54	50	179
a	60	37	104
a	79	38	101
a	10	95	902
a	89	47	97
a	9	57	733
a	42	66	317
a	68	98	293
a	55	53	948
a	60	57	821
a	21	83	996
a	62	40	67
a	88	4	732
a	41	89	676
a	16	8	916
a	10	73	718
a	57	14	511
a	26	50	218
a	98	91	457
a	20	19	532
a	28	22	375
a	67	57	5
a	74	46	843
a	29	77	456
a	71	31	225
a	100	12	320
a	10	82	890
a	66	4	721
a	28	74	676
a	70	42	796
a	10	56	830
a	5	61	271
a	28	94	209
a	15	50	987
a	51	40	372
a	81	38	637
a	17	100	332
a	44	77	69
a	48	78	326
a	58	23	607
a	43	81	635
a	35	20	419
a	96	12	376
a	94	4	902
a	26	49	781
a	4	47	276
a	80	75	405
a	56	4	289
a	61	65	636
a	38	79	703
a	68	20	95
a	61	45	271
a	7	88	419
a	78	97	185
a	49	83	51
a	80	38	991
a	15	56	714
a	31	90	665
a	79	48	998
a	47	54	145
a	70	75	87
a	24	43	998
a	19	88	623
a	99	31	203
a	12	62	443
a	31	30	158
a	8	33	298
a	71	42	188
a	76	97	254
a	94	88	98
a	27	71	679
a	29	12	363
a	54	66	781
a	52	2	381
a	4	30	819
a	97	77	883
a	40	54	826
a	83	81	205
a	71	44	320
a	43	76	9
a	29	21	102
a	37	21	877
a	15	96	779
a	100	60	725
a	72	63	744
a	4	59	4
a	67	3	874
a	82	64	924
a	84	9	874
a	81	31	426
a	10	11	342
a	69	98	461
a	59	81	111
a	25	22	311
a	66	67	245
a	17	33	154
a	77	74	438
a	12	81	47
a	30	4	837
a	6	29	180
a	43	77	90
a	21	16	32
a	42	95	118
a	26	28	154
a	44	21	655
a	45	16	984
a	16	97	291
a	66	22	436
a	62	57	45
a	50	42	135
a	95	25	495
a	6	50	479
a	29	15	974
a	25	98	644
a	53	60	267
a	19	21	778
a	44	63	833
a	36	59	746
a	50	35	154
a	36	22	611
a	99	53	734
a	6	39	491
a	43	49	773
a	54	4	522
a	53	50	793
a	9	40	257
a	68	53	646
a	74	76	343
a	73	14	579
a	1	60	474
a	18	31	458
a	96	14	865
a	24	12	130
a	14	100	458
a	96	50	377
a	78	68	174
a	90	66	672
a	87	100	602
a	21	75	18
a	70	22	69
a	59	68	398
a	61	7	670
a	95	29	183
a	13	6	871
a	21	7	396
a	7	12	322
a	97	64	989
a	25	94	385
a	73	8	179
a	48	26	676
a	35	41	332
a	13	33	608
a	45	48	398
a	25	62	760
a	79	9	624
a	46	58	260
a	64	76	914
a	21	33	915
a	34	26	792
a	79	19	540
a	21	65	220
a	23	26	755
a	53	42	631
a	75	41	245
a	99	34	602
a	17	84	671
a	17	50	13
a	50	90	239
a	82	3	286
a	58	32	777
a	32	99	904
a	54	44	559
a	94	74	618
a	55	47	130
a	92	87	873
a	16	85	820
a	56	93	576
a	74	80	417
a	97	76	926
a	70	4	718
a	45	56	263
a	40	9	336
a	26	65	695
a	52	58	50
a	49	89	774
a	85	35	486
a	20	39	772
a	92	21	995
a	60	86	946
a	23	92	334
a	84	28	121
a	42	46	350
a	22	12	657
a	73	50	978
a	28	40	219
a	16	34	12
a	96	70	963
a	9	42	848
a	31	92	868
a	79	68	187
a	35	11	472
a	54	91	788
a	42	21	692
a	92	37	970
a	41	48	507
a	42	17	426
a	95	51	118
a	11	56	942
a	19	9	188
a	62	59	36
a	6	30	316
a	43	9	534
a	59	47	742
a	46	29	953
a	49	75	441
a	76	45	291
a	100	32	684
a	16	70	823
a	42	4	11
a	86	68	876
a	24	78	460
a	66	92	916
a	93	30	102
a	22	19	364
a	95	41	960
a	55	50	858
a	23	44	581
a	93	99	294
a	52	5	757
a	98	54	483
a	69	99	205
a	65	49	797
a	84	20	175
a	4	32	91
a	65	9	264
a	15	9	126
a	55	12	498
a	62	36	746
a	96	57	488
a	64	93	820
a	7	82	831
a	97	78	479
a	47	63	62
a	25	46	574
a	38	53	981
a	61	33	537
a	46	64	641
a	52	51	365
a	75	20	309
a	36	67	952
a	54	52	165
a	68	63	998
a	43	47	73
a	22	85	729
a	91	75	225
a	7	77	899
a	78	58	261
a	85	70	530
a	9	26	760
a	27	66	892
a	9	43	629
a	62	4	294
a	37	58	780
a	71	66	711
a	21	3	712
a	77	33	928
a	70	63	227
a	54	13	986
a	99	50	394
a	21	58	795
a	86	18	916
a	71	15	307
a	39	35	458
a	80	44	427
a	38	62	460
a	14	80	499
a	76	74	201
a	51	100	330
a	31	66	837
a	93	94	295
a	3	38	940
a	100	69	858
a	100	86	716
a	94	29	673
a	75	70	561
a	12	55	28
a	52	27	4
a	99	88	931
a	39	72	307
a	19	96	33
a	44	69	176
a	86	95	127
a	1	7	202
a	42	74	104
a	21	25	779
a	31	41	621
a	26	3	644
a	41	35	327
a	28	60	626
a	82	97	64
a	62	19	24
a	97	84	842
a	21	92	781
a	77	66	784
a	6	36	773
a	7	13	280
a	20	58	783
a	31	53	48
a	84	75	934
a	85	59	4
a	46	67	100
a	23	53	866
a	82	99	513
a	9	61	934
a	25	17	743
a	22	20	289
a	46	75	876
a	63	20	329
a	46	79	865
a	54	55	951
a	84	66	335
a	42	52	255
a	22	42	33
a	80	54	380
a	90	46	242
a	65	89	750
a	25	34	578
a	59	11	136
a	92	99	660
a	33	51	440
a	68	79	811
a	59	30	63
a	67	93	629
a	70	59	942
a	68	61	407
a	21	27	164
a	85	94	826
a	61	35	23
a	71	23	640
a	79	62	74
a	91	6	738
a	4	12	21
a	14	13	741
a	24	17	831
a	70	99	785
a	50	31	595
a	83	77	994
a	38	28	771
a	17	55	915
a	94	52	76
a	15	25	456
a	21	50	772
a	73	12	354
a	79	55	915
a	49	85	73
a	11	27	802
a	57	53	8
a	10	15	809
a	89	64	69
a	71	38	713
a	26	21	94
a	66	20	436
a	54	49	973
a	53	22	996
a	56	39	94
a	86	76	319
a	68	10	731
a	52	12	113
a	32	84	289
a	69	75	477
a	8	90	813
a	68	36	612
a	8	29	720
a	87	8	903
a	56	63	207
a	87	32	767
a	73	95	51
a	38	92	13
a	29	49	81
a	22	21	205
a	95	12	784
a	53	9	173
a	6	91	109
a	55	51	74
a	9	35	421
a	93	80	295
a	55	8	521
a	86	24	896
a	51	31	851
a	66	28	993
a	64	49	978
a	60	19	903
a	72	3	894
a	4	73	142
a	3	62	550
a	4	42	798
a	3	39	402
a	29	33	782
a	10	18	86
a	71	86	608
a	64	22	151
a	87	5	895
a	15	82	724
a	71	46	607
a	13	75	695
a	27	42	258
a	10	24	566
a	94	25	410
a	97	94	494
a	97	42	625
a	78	32	267
a	37	66	664
a	23	24	122
a	58	50	565
a	6	24	215
a	50	84	661
a	74	97	450
a	7	31	60
a	4	49	964
a	32	57	667
a	44	31	682
a	93	64	467
a	31	12	259
a	36	34	949
a	75	18	274
a	13	48	627
a	93	38	203
a	67	63	837
a	15	27	933
a	26	29	126
a	52	54	353
a	35	64	67
a	69	82	566
a	36	27	2
a	64	88	885
a	8	96	125
a	6	94	677
a	5	58	651
a	52	74	115
a	99	9	162
a	53	36	325
a	100	22	14
a	6	22	420
a	54	56	543
a	4	34	35
a	35	49	967
a	73	40	416
a	68	17	362
a	99	80	1000
a	5	16	545
a	17	47	997
a	44	28	342
a	53	89	823
a	72	33	931
a	96	15	161
a	40	70	673
a	90	53	773
a	8	86	319
a	77	37	66
a	42	72	608
a	88	51	265
a	70	13	279
a	44	90	610
a	21	6	242
a	37	93	707
a	30	45	602
a	18	53	163
a	100	73	444
a	64	19	733
a	78	24	289
a	48	39	866
a	84	27	468
a	30	56	977
a	20	34	318
a	58	93	947
a	45	84	695
a	82	77	929
a	39	25	501
a	44	37	622
a	80	27	640
a	34	42	183
a	25	4	301
a	96	53	47
a	41	97	114
a	18	20	377
a	15	60	873
a	62	98	826
a	53	46	56
a	14	57	524
a	10	65	445
a	63	32	920
a	50	2	224
a	67	78	282
a	61	87	348
a	8	67	702
a	69	66	651
a	21	11	462
a	26	81	588
a	36	52	638
a	77	73	612
a	98	76	621
a	91	68	497
a	1	44	914
a	57	40	109
a	81	75	20
a	78	45	150
a	15	22	904
a	88	12	733
a	55	7	669
a	81	4	381
a	55	88	838
a	20	73	596
a	23	10	835
a	7	95	773
a	48	69	598
a	16	20	767
a	18	69	432
a	6	49	533
a	62	94	553
a	81	71	206
a	21	23	247
a	1	94	813
a	54	21	769
a	5	85	262
a	47	39	629
a	64	68	777
a	42	65	134
a	43	90	599
a	33	21	24
a	100	9	867
a	47	35	153
a	16	80	877
a	41	24	500
a	95	91	849
a	78	81	619
a	40	60	83
a	43	8	642
a	98	17	128
a	33	99	481
a	69	65	412
a	37	30	234
a	56	52	812
a	24	99	569
a	82	60	173
a	38	87	629
a	64	91	690
a	12	59	20
a	72	25	589
a	8	82	399
a	75	2	985
a	1	31	344
a	93	90	858
a	50	63	67
a	1	82	758
a	58	42	100
a	50	13	117
a	76	60	873
a	34	73	231
a	71	79	358
a	86	27	574
a	11	80	939
a	74	4	682
a	32	40	833
a	30	54	713
a	99	65	766
a	18	72	501
a	55	65	138
a	47	36	909
a	59	33	508
a	68	32	380
a	33	4	884
a	98	78	762
a	46	2	211
a	57	64	975
a	66	49	657
a	64	52	851
a	67	99	39
a	42	3	76
a	70	92	68
a	47	48	374
a	5	68	996
a	100	10	432
a	74	79	156
a	30	38	927
a	46	21	134
a	97	56	549
a	63	94	435
a	24	32	169
a	10	60	533
a	63	13	959
a	93	56	399
a	60	79	390
a	98	84	626
a	75	6	4
a	50	28	765
a	71	77	413
a	51	80	536
a	7	89	659
a	27	15	228
a	41	57	687
a	45	61	364
a	69	33	314
a	22	77	590
a	98	8	172
a	69	6	113
a	32	53	962
a	21	64	12
a	37	63	875
a	91	71	653
a	38	42	581
a	27	29	289
a	76	18	16
a	62	52	692
a	51	46	6
a	8	84	427
a	22	36	508
a	44	86	701
a	5	36	923
a	22	23	942
a	79	25	122
a	3	56	129
a	41	33	290
a	7	54	744
a	97	10	327
a	42	36	179
a	42	35	356
a	94	95	447
a	3	84	306
a	20	16	269
a	72	18	748
a	46	56	648
a	42	63	195
a	78	57	222
a	13	34	129
a	54	84	720
a	59	34	874
a	86	67	523
a	85	65	829
a	74	93	933
a	96	26	689
a	36	5	376
a	22	91	793
a	97	47	685
a	51	97	444
a	3	5	852
a	22	13	104
a	18	92	572
a	87	19	455
a	80	22	122
a	87	72	369
a	52	41	641
a	75	92	391
a	14	51	843
a	1	46	441
a	57	18	352
a	53	55	748
a	33	85	708
a	36	87	314
a	32	31	733
a	67	80	609
a	12	50	446
a	94	91	709
a	35	30	692
a	96	73	619
a	10	87	386
a	91	72	247
a	85	6	376
a	50	57	581
a	64	21	402
a	32	97	737
a	47	16	536
a	20	11	300
a	63	98	907
a	67	62	977
a	8	41	775
a	11	48	975
a	42	78	594
a	93	21	406
a	92	30	122
a	66	13	134
a	78	12	346
a	75	66	693
a	92	77	868
a	49	56	799
a	89	34	941
a	65	38	839
a	48	22	331
a	100	66	389
a	85	15	642
a	8	71	175
a	23	29	942
a	49	50	770
a	59	41	807
a	23	51	302
a	10	21	362
a	57	58	509
a	52	70	670
a	21	10	788
a	56	69	747
a	33	52	903
a	10	66	900
a	46	9	176
a	94	3	419
a	60	17	507
a	31	71	69
a	53	94	76
a	38	25	57
a	85	86	652
a	81	12	510
a	17	67	47
a	7	32	882
a	44	33	402
a	66	41	238
a	96	74	953
a	74	63	972
a	52	80	133
a	60	53	385
a	35	55	701
a	30	60	161
a	31	5	855
a	60	51	3
a	52	23	557
a	18	66	547
a	36	3	835
a	4	28	568
a	87	97	780
a	83	82	832
a	57	98	566
a	38	74	672
a	19	33	487
a	96	66	348
a	17	86	510
a	47	74	995
a	49	36	142
a	79	86	671
a	30	20	317
a	10	88	550
a	81	93	810
