p	max 	2000	1000
n	1	s	
n	2	t	
a	1014	1955	1117
a	1756	31	684
a	6	594	5371
a	1235	562	5334
a	301	1603	320
a	257	922	147
a	1590	1577	5715
a	347	1015	1637
a	1645	1772	3474
a	1261	289	3226
a	1202	108	3212
a	157	1523	611
a	1693	437	9250
a	985	1913	4920
a	1276	1238	8280
a	1028	1475	9070
a	493	147	5395
a	218	749	9385
a	417	907	1468
a	533	1906	8454
a	1497	1591	2065
a	754	1923	2291
a	1863	1658	2681
a	49	139	908
a	1924	91	2065
a	558	557	7944
a	1231	102	9178
a	29	1080	2139
a	16	590	1414
a	24	1973	7374
a	1997	321	6545
a	1993	1613	5188
a	768	1760	282
a	401	454	3924
a	361	129	4445
a	173	1560	6621
a	555	1270	4007
a	1046	1413	5002
a	1219	1982	1737
a	1778	1306	3391
a	277	1342	7118
a	1479	1604	4354
a	1882	619	8610
a	1585	31	9014
a	592	615	495
a	1845	1950	1555
a	1767	395	9318
a	1356	343	9951
a	1302	767	9882
a	1618	1271	5574
a	1830	1060	4310
a	1192	856	3034
a	1954	668	692
a	1805	1635	1738
a	387	1495	3198
a	1842	1243	4607
a	1489	446	785
a	807	1074	5251
a	1873	1055	3340
a	1818	1535	307
a	1322	1627	5147
a	533	971	4324
a	1773	1022	4773
a	757	711	7622
a	1191	1661	6816
a	282	300	1233
a	783	1164	3931
a	1719	62	280
a	841	27	7741
a	1960	1549	6155
a	621	408	664
a	737	663	1753
a	1232	1826	8842
a	222	1960	7740
a	314	2	7779
a	327	1747	6681
a	269	764	9262
a	1133	540	2930
a	486	834	522
a	891	1128	9013
a	1708	631	9438
a	1499	630	1193
a	112	849	2761
a	635	567	4842
a	907	241	2840
a	402	35	9177
a	374	888	7779
a	763	1909	568
a	810	1159	6526
a	1186	203	7474
a	1015	244	8292
a	318	1258	3446
a	1103	327	8663
a	1476	1208	3116
a	337	77	5298
a	133	1436	8985
a	1154	932	8579
a	630	469	1236
a	266	1193	4449
a	1362	96	9829
a	723	903	2474
a	523	1375	300
a	1971	1681	8475
a	1731	1172	8621
a	545	1531	1997
a	1948	1564	1210
a	757	1832	8807
a	1348	397	2303
a	1968	1633	7362
a	1052	1652	3835
a	966	1207	7451
a	182	552	7777
a	1312	1316	6021
a	1713	122	4426
a	628	1391	8878
a	202	150	5643
a	902	528	9289
a	1224	890	6055
a	1804	1493	937
a	701	1969	8080
a	812	706	6483
a	870	1992	9680
a	337	1056	7104
a	1190	842	6573
a	1702	330	6279
a	1486	1560	7273
a	870	1278	2327
a	585	287	8030
a	295	1628	2555
a	20	1711	108
a	260	894	3856
a	1600	162	4880
a	912	716	7271
a	1667	443	7428
a	324	1353	3229
a	687	952	3041
a	1823	687	9804
a	1876	1419	5977
a	781	1969	9159
a	694	1033	5787
a	14	1281	6798
a	597	489	8686
a	667	1502	3796
a	1826	687	6123
a	1021	1561	1318
a	1284	1365	4352
a	578	1646	8432
a	1692	748	1753
a	993	75	7777
a	691	907	726
a	1036	367	4440
a	1371	180	6656
a	254	1198	7952
a	1246	515	7314
a	682	2000	4029
a	886	1137	1058
a	1741	1487	7756
a	383	69	9256
a	1997	933	6335
a	750	1773	4678
a	1224	1171	1077
a	1312	997	1839
a	447	1492	2150
a	777	741	7223
a	940	87	8114
a	1489	219	1527
a	1730	1223	4009
a	1514	296	9172
a	974	5	86
a	1908	632	1523
a	823	1980	6988
a	313	819	9070
a	660	1313	3631
a	270	1510	167
a	376	1796	8686
a	1371	912	686
a	1686	78	7535
a	365	1778	1289
a	271	1639	3706
a	1093	512	2501
a	1386	1562	3938
a	1377	234	4523
a	1603	1040	6816
a	298	701	2717
a	1114	600	9966
a	1902	1413	6487
a	602	417	748
a	443	1709	4856
a	172	472	3589
a	308	1319	7694
a	841	1841	7360
a	528	1849	3922
a	1336	118	723
a	1778	31	1350
a	1822	1895	179
a	879	241	6903
a	1545	570	8657
a	272	1894	6363
a	1861	1795	3455
a	1072	812	1305
a	1384	770	2091
a	1339	277	704
a	1533	1471	6854
a	916	1085	4403
a	1649	1781	6264
a	429	1606	9905
a	845	1512	2079
a	1891	71	6927
a	363	1081	2033
a	782	546	8740
a	1025	734	6375
a	946	1793	3749
a	171	1453	1214
a	1305	1212	3351
a	535	190	7733
a	1779	1715	4463
a	3	1718	4505
a	40	546	5315
a	561	234	8006
a	1215	208	963
a	1099	1213	2003
a	1203	1221	2032
a	1700	1136	7094
a	1165	796	7204
a	1103	358	5395
a	531	108	4113
a	1305	1888	3557
a	908	1803	9269
a	1588	563	5337
a	1198	98	559
a	888	926	2235
a	62	1537	4022
a	1457	773	7114
a	406	1783	1011
a	34	169	1743
a	1249	1008	3463
a	466	206	1339
a	1792	1293	1798
a	1329	382	8006
a	459	1724	2316
a	1416	62	6182
a	92	1454	9044
a	1853	1912	7495
a	1049	847	9552
a	1231	1651	3120
a	1208	1494	2211
a	744	1636	1586
a	303	1334	9875
a	1056	116	9523
a	252	649	7287
a	436	320	8521
a	822	947	1802
a	1944	814	2292
a	688	27	4646
a	1852	1167	3462
a	174	277	6432
a	473	1301	6969
a	1179	982	9394
a	1096	697	9376
a	1206	1588	9654
a	690	406	2562
a	165	810	5962
a	622	478	8705
a	1674	1671	8381
a	1593	1823	3394
a	1905	1632	8164
a	1450	262	4056
a	861	95	8352
a	1064	971	1186
a	1929	1052	8370
a	907	1373	4887
a	360	1330	2914
a	780	235	3893
a	1443	507	7167
a	339	988	3577
a	1903	664	2513
a	1324	865	2946
a	1859	1827	5667
a	1868	1261	2880
a	1534	1993	1947
a	752	67	7318
a	128	1331	7486
a	181	1373	170
a	1238	81	8693
a	935	1348	4096
a	388	1338	6728
a	1626	1832	1836
a	66	1475	927
a	1681	1558	6622
a	1872	303	1326
a	989	1395	9021
a	1479	417	4062
a	325	1810	4533
a	204	882	2073
a	947	1538	4888
a	1887	1208	8899
a	46	1472	15
a	670	1733	8131
a	474	1259	6852
a	894	755	2771
a	894	1156	5463
a	1505	797	7359
a	1064	1169	1357
a	1208	223	1977
a	1769	1018	5356
a	814	1419	4757
a	1820	607	4129
a	1604	957	7078
a	636	261	8393
a	1516	507	7076
a	247	657	9320
a	408	1553	3292
a	1029	1867	9154
a	877	868	6339
a	1538	1342	3836
a	1159	1804	6497
a	64	658	245
a	1367	1437	6626
a	594	1882	7162
a	327	1753	6979
a	1722	415	7886
a	1317	27	3805
a	552	155	489
a	1353	1523	5986
a	107	1753	5949
a	1895	1570	4304
a	402	608	8847
a	365	620	4914
a	440	1597	5859
a	491	587	5712
a	1226	932	9791
a	745	1667	2454
a	337	1090	9279
a	1877	1342	8983
a	365	178	6488
a	344	994	9785
a	1472	1962	6031
a	1456	405	1351
a	638	563	4242
a	1537	522	4951
a	1454	296	8585
a	1120	1281	1962
a	1324	148	6747
a	757	821	3
a	1255	1339	2102
a	1153	397	273
a	639	1552	8693
a	313	1178	5709
a	78	1871	5785
a	1940	1510	7444
a	1549	394	6802
a	1088	668	1685
a	1649	623	2540
a	1226	842	3718
a	1731	864	2781
a	687	1283	9727
a	1529	1651	9509
a	839	280	1020
a	1510	1258	7236
a	437	516	1222
a	314	75	3967
a	966	241	3878
a	1958	1818	9117
a	432	50	7785
a	462	957	8333
a	1088	124	4841
a	372	26	6247
a	1821	1873	9070
a	82	269	6562
a	157	690	6788
a	1429	1557	7988
a	707	566	4572
a	1999	1283	5005
a	1944	70	7141
a	48	835	8510
a	478	1911	1730
a	1056	238	7587
a	1160	310	3242
a	277	1732	4727
a	48	411	4252
a	1393	931	1908
a	28	1427	2594
a	56	436	7014
a	980	1467	9656
a	1322	1192	1464
a	616	1774	960
a	303	1143	1444
a	874	209	3269
a	261	208	2299
a	1673	15	1474
a	1624	1254	7253
a	134	1930	7320
a	1913	691	4364
a	1752	1552	6472
a	668	1545	2763
a	116	992	1878
a	996	1530	9332
a	44	1055	8044
a	638	805	8877
a	111	36	6035
a	1412	1314	9633
a	370	222	202
a	300	1110	6085
a	1833	620	9862
a	995	1624	7602
a	598	372	5379
a	590	273	6284
a	224	1787	8642
a	343	1488	4081
a	1559	1887	3785
a	726	566	7677
a	104	1653	3045
a	565	989	3949
a	1565	267	8069
a	1445	1049	1820
a	1588	1545	464
a	141	498	2658
a	1882	807	6667
a	766	1624	172
a	1051	790	8676
a	692	464	3916
a	858	1589	7647
a	128	1376	1096
a	517	1930	9098
a	304	1322	5871
a	714	561	1599
a	838	1382	3973
a	493	507	713
a	1331	1487	5491
a	1303	1749	3620
a	1068	1905	3499
a	899	243	1694
a	89	740	5517
a	679	1521	5478
a	747	588	7820
a	858	467	47
a	1305	579	5950
a	1650	769	8260
a	824	1066	7149
a	1020	1617	3546
a	504	1766	3041
a	1530	1309	6315
a	950	2000	7494
a	229	557	4935
a	1920	197	4728
a	1379	1629	4282
a	80	1657	8557
a	1793	907	1404
a	867	1691	1752
a	1577	1019	7961
a	1999	215	6793
a	1938	824	4880
a	1924	1103	4755
a	131	961	5360
a	1873	926	1964
a	717	133	5024
a	870	1792	277
a	1373	138	6335
a	1513	1680	3167
a	1225	1950	7446
a	1058	67	8308
a	775	1692	4594
a	477	121	4354
a	1707	1903	6947
a	922	998	7045
a	1690	813	7042
a	899	1947	4919
a	1870	297	3911
a	1094	1139	9204
a	540	466	8892
a	801	1973	630
a	402	1366	7212
a	692	856	1471
a	22	1900	3115
a	1039	1290	8203
a	925	779	490
a	487	1284	9673
a	1415	36	9147
a	602	383	776
a	1834	718	8786
a	721	598	6069
a	182	164	2538
a	103	1884	4983
a	1698	591	2567
a	896	904	6375
a	1604	126	9579
a	963	280	1636
a	1981	542	7676
a	1885	745	1578
a	1581	1935	3097
a	693	1315	2764
a	89	507	8876
a	667	1451	7178
a	932	86	4788
a	207	115	1877
a	1425	1583	8970
a	1521	997	3864
a	1888	789	3612
a	799	562	1877
a	1386	1325	6262
a	767	773	309
a	1654	1967	4979
a	504	1850	4150
a	1591	450	1294
a	1458	550	1154
a	1559	1696	5904
a	1952	671	3640
a	545	1116	2449
a	461	734	75
a	325	1083	3345
a	739	817	3655
a	34	132	3505
a	356	350	641
a	788	1531	2391
a	87	1636	6589
a	625	901	1625
a	1045	276	9607
a	643	1273	1217
a	1559	1694	340
a	674	1810	9068
a	1305	946	5802
a	159	1523	9569
a	1843	701	2710
a	1001	1705	6266
a	813	1328	4349
a	1235	773	233
a	763	871	9847
a	1941	1065	2223
a	1498	811	6338
a	772	1109	6813
a	59	124	765
a	994	903	1021
a	1427	1491	5089
a	1863	1927	8284
a	551	626	3682
a	534	560	8271
a	1684	477	6550
a	500	1130	7415
a	602	1893	2526
a	452	662	7699
a	106	887	7985
a	1269	339	2074
a	1759	171	7403
a	1356	532	5250
a	1095	245	8697
a	1597	1875	2087
a	464	932	8476
a	717	78	8229
a	1924	366	2914
a	843	1302	8740
a	708	1072	5953
a	1037	464	6734
a	641	837	9938
a	488	1171	7583
a	982	1705	2873
a	599	983	9512
a	1711	690	3837
a	1498	1392	7171
a	819	874	7705
a	188	633	8271
a	1772	393	9145
a	1712	1202	8868
a	1479	1193	8576
a	1460	697	5081
a	566	760	3365
a	1149	1426	4322
a	1214	1635	243
a	1511	812	9141
a	652	1223	1680
a	877	912	6390
a	862	1451	749
a	451	1842	8127
a	750	897	943
a	1914	1963	3917
a	1491	1677	1336
a	857	1698	9683
a	725	1547	77
a	695	582	3093
a	795	828	6542
a	1775	80	2880
a	312	926	1867
a	1394	1933	714
a	595	1161	6140
a	1104	773	8557
a	565	564	387
a	1571	106	4434
a	1968	1661	2624
a	1055	634	6697
a	259	1397	1714
a	1940	935	2613
a	543	568	7183
a	203	1627	1386
a	888	1335	9579
a	161	737	743
a	1200	1259	719
a	1368	264	1854
a	297	436	3128
a	1561	1764	2064
a	1974	1612	7947
a	1223	1883	475
a	1894	1952	1517
a	1683	174	3195
a	1669	211	1190
a	971	246	2251
a	720	1239	4870
a	1353	702	973
a	1925	156	445
a	1068	668	5165
a	1917	48	2702
a	329	878	2288
a	1405	1266	6684
a	229	203	2810
a	132	1576	275
a	1964	1049	4785
a	915	667	6244
a	1520	1083	9994
a	1169	1112	7320
a	1795	1340	5587
a	1661	430	897
a	761	853	736
a	614	401	6856
a	1311	64	788
a	1910	1973	132
a	570	1113	6286
a	1717	1838	1542
a	1673	1991	6841
a	773	1055	5353
a	583	879	9839
a	230	1437	5607
a	1641	66	6210
a	934	764	8482
a	1875	935	267
a	16	898	7642
a	649	1404	1215
a	911	1482	9811
a	1070	122	2037
a	584	1266	6409
a	245	1776	3019
a	1395	1581	3662
a	650	154	3557
a	705	423	473
a	1379	762	4442
a	1382	49	9572
a	1162	259	2750
a	50	267	8639
a	1484	73	2537
a	575	1955	3553
a	1500	818	3378
a	1343	1128	5268
a	1538	1116	4471
a	1108	664	104
a	1334	1467	7767
a	1903	1049	1951
a	1391	899	6569
a	37	121	8685
a	1450	244	7125
a	1746	424	5321
a	34	1316	6118
a	1435	54	151
a	642	1402	4007
a	1126	1700	674
a	498	844	8883
a	707	845	4752
a	844	442	176
a	789	161	7985
a	794	1078	6786
a	374	261	1344
a	973	1851	9305
a	1584	961	4359
a	1648	214	3582
a	515	1853	886
a	353	135	5017
a	1388	816	1320
a	240	1971	4811
a	1754	1011	9349
a	1684	1100	7339
a	1918	1589	6962
a	964	1147	2456
a	1435	1488	6530
a	869	1103	8033
a	825	1166	2876
a	1664	287	9929
a	168	391	6667
a	247	635	2193
a	1207	1339	6574
a	1003	1135	581
a	1606	585	2336
a	1438	239	6166
a	1166	1829	8980
a	954	1399	8761
a	905	629	2570
a	1947	1551	3594
a	1512	1119	309
a	1541	88	7474
a	619	160	2095
a	1357	209	6269
a	420	560	5705
a	897	700	5702
a	735	3	2411
a	428	791	5524
a	1527	1720	5986
a	116	430	794
a	243	917	226
a	443	1952	3556
a	364	354	9662
a	1331	776	3331
a	120	1948	3219
a	1413	327	4196
a	525	837	4723
a	727	1602	8416
a	1514	853	183
a	813	1884	1891
a	1228	158	6553
a	1587	1686	1884
a	1715	1699	4826
a	286	275	2347
a	1441	1949	842
a	546	1787	8711
a	1145	445	7321
a	1598	335	9839
a	69	368	8665
a	1177	1349	8047
a	1552	791	6834
a	439	1123	8549
a	1428	455	2179
a	708	1420	2821
a	690	1126	5774
a	1866	344	6621
a	1429	1317	2776
a	128	1603	8591
a	1312	450	9286
a	142	854	3003
a	420	928	4942
a	273	741	6829
a	1174	1527	5629
a	670	832	7343
a	341	1153	3536
a	799	14	3324
a	330	780	8608
a	710	318	6434
a	727	1059	8764
a	431	584	2090
a	914	764	1352
a	1454	1984	328
a	1894	246	7048
a	398	244	24
a	161	638	8243
a	278	1440	7836
a	352	1533	8764
a	1035	746	1523
a	624	1200	1843
a	369	1286	2348
a	482	1884	6093
a	698	1691	1117
a	141	1379	3032
a	1573	1395	9817
a	1701	345	3316
a	1343	247	5364
a	932	162	934
a	174	1588	3529
a	1431	1581	631
a	1424	690	9648
a	1387	838	1095
a	1269	206	8584
a	590	1020	6171
a	1095	1333	8241
a	1156	1289	4619
a	76	507	1908
a	425	1122	9979
a	1349	806	9650
a	618	397	1465
a	1380	241	6681
a	943	1504	135
a	1956	336	4586
a	1367	611	1875
a	160	831	7203
a	1020	736	4256
a	1622	1323	3347
a	1563	1890	6670
a	932	1342	7729
a	496	1991	6574
a	1604	1405	6359
a	1791	1725	3166
a	462	1866	5088
a	727	37	8499
a	1056	1173	2641
a	1760	1977	8812
a	1338	1120	1205
a	1959	935	6995
a	802	1770	6673
a	1848	1956	3064
a	811	1184	7414
a	258	1027	6802
a	1091	1491	6286
a	1486	79	2308
a	989	1571	1601
a	1454	116	2772
a	1362	213	6982
a	1332	975	7841
a	417	1374	1048
a	474	1101	7327
a	1668	1035	1954
a	1949	15	2527
a	1976	1065	3027
a	73	973	4262
a	580	170	4605
a	1288	216	5707
a	257	632	6389
a	83	1905	3449
a	1033	521	8777
a	1409	1523	6680
a	533	1989	2721
a	508	379	1290
a	1849	533	4959
a	1451	559	6969
a	1852	844	8051
a	1304	789	8994
a	1525	1622	2507
a	1460	1873	3673
a	1113	1783	3408
a	1897	205	5095
a	1142	1753	637
a	698	596	741
a	1891	1005	5783
a	403	1328	4735
a	547	1719	5830
a	1012	372	9149
a	1740	294	1807
a	113	436	5172
a	1933	1789	4863
a	439	923	1967
a	216	1931	8518
a	159	597	3980
a	25	264	7255
a	1128	1040	2769
a	1704	1359	9719
a	1324	520	9309
a	948	144	7853
a	1577	967	49
a	1552	1304	8258
a	436	347	3360
a	790	695	6536
a	35	376	4557
a	13	1177	5835
a	143	1578	9421
a	1634	650	2780
a	816	412	5817
a	842	952	6225
a	731	458	9009
a	1313	1660	8523
a	314	1962	5725
a	1147	254	2681
a	1198	265	7673
a	356	148	8894
a	1495	563	9476
a	753	1033	5988
a	643	1635	7025
a	978	1423	5827
a	1325	974	8204
a	1397	60	2948
a	124	118	2938
a	880	1079	3915
a	4	1168	7744
a	227	735	376
a	1186	1123	6792
a	66	1036	8035
a	1273	788	1989
a	1321	1215	6455
a	980	581	9217
a	1234	392	4817
a	1504	355	3486
a	1581	523	7177
a	85	1070	445
a	1822	186	9580
a	1169	1606	5178
a	763	1780	1016
a	1179	334	5244
a	1305	1387	6508
a	1323	66	6155
a	1094	1729	2132
a	262	1150	7616
a	308	583	6589
a	1681	1495	4318
a	1480	1084	2842
a	695	1228	1809
a	1007	100	6696
a	1486	1698	6153
a	1689	1642	3564
a	1052	1503	8517
a	1260	704	8747
a	951	796	6260
a	749	1305	9950
a	1864	149	4727
a	336	1303	2352
a	1160	265	6191
a	1176	1838	7982
a	694	1193	3662
a	197	1376	4016
a	1937	942	3072
a	1909	1133	3910
a	1444	1835	3301
a	835	1572	1806
a	253	1041	5350
a	1617	1085	7851
a	491	1280	7451
a	1290	1272	9603
a	1797	596	9281
a	1739	475	3290
a	541	1752	9669
a	1907	1763	1472
a	1727	52	7366
a	21	678	5160
a	1552	1715	902
a	970	1053	1959
a	439	763	7300
a	1753	1002	8126
a	1455	1142	7780
a	507	417	9528
a	502	183	2837
a	1004	801	3523
a	557	122	2452
a	1568	845	7071
a	1329	436	9047
a	1153	79	4754
a	1010	1830	6215
a	413	1507	8501
a	557	1278	8087
a	260	1794	9299
a	257	640	9172
a	416	541	2992
a	350	1606	5618
a	1697	323	2051
a	925	1895	3170
a	962	777	9118
a	741	774	4143
a	1327	1824	5375
a	181	1341	3661
a	1452	1587	9692
a	1624	100	6450
a	1413	1166	4969
a	1634	887	4432
a	903	1540	2253
a	1664	101	4957
a	1992	850	2848
a	106	321	6598
a	1716	517	6097
a	1048	1590	9937
a	300	867	6988
a	1523	1640	2861
a	4	519	687
a	1991	213	2775
a	442	1620	5695
a	1658	276	5124
a	844	250	6010
a	117	1762	3852
a	364	1297	5958
a	62	176	2577
a	1538	377	650
a	17	1552	2413
a	1067	1388	8906
a	536	938	5736
a	615	1175	213
a	1396	823	2835
a	1077	1263	4040
a	804	806	7209
a	1514	1796	1299
a	1802	228	6076
a	1430	76	4219
a	1623	1782	9014
a	717	1521	733
a	34	1209	8938
a	26	496	3343
a	259	753	902
a	539	156	7861
a	1363	860	1683
a	1746	1602	5938
a	1847	913	7786
a	1970	632	2478
a	1937	93	572
a	1138	398	3994
a	1625	1126	8891
a	1788	1813	8325
a	320	683	7412
a	1818	1227	1743
a	1017	1249	2844
a	1225	388	1315
a	24	1282	1509
a	918	1468	1673
a	1659	1244	7349
a	565	493	2469
a	1044	1688	5952
a	1067	66	3264
a	1999	853	8160
a	228	356	2269
a	88	687	9949
a	597	264	6792
a	1345	879	6028
a	535	174	3185
a	1042	417	7049
a	1650	842	5529
