p	max	2000	5000
n	1	s	
n	2	t	
a	1732	1627	1936
a	434	1724	3357
a	1	1102	4248
a	1657	424	3110
a	1348	295	3982
a	1052	1231	3148
a	1904	1818	4989
a	1005	85	333
a	470	288	1100
a	1952	608	4670
a	921	1252	1314
a	445	254	8836
a	465	1760	3900
a	785	1665	4438
a	1994	1910	8835
a	1	1353	9276
a	1021	1308	4695
a	770	614	2606
a	76	1441	9451
a	971	43	5152
a	1066	1816	5612
a	1983	771	490
a	494	887	7516
a	151	18	7534
a	615	585	9915
a	72	727	9031
a	1872	787	7479
a	951	760	4720
a	1372	618	2219
a	1912	911	6985
a	1748	364	8124
a	330	2	6479
a	455	1424	7007
a	1926	1453	2718
a	1552	718	8747
a	1399	1933	7152
a	1976	734	1276
a	1	1023	3672
a	1304	519	3303
a	1765	897	9034
a	867	994	1951
a	1828	73	1041
a	450	1790	3455
a	990	1224	1877
a	1184	1483	4220
a	1813	364	7607
a	882	320	5746
a	864	2	9721
a	25	744	1535
a	211	1409	7918
a	748	1108	7166
a	878	95	285
a	1212	1355	4763
a	1715	1380	3299
a	1	634	9261
a	1750	1999	3598
a	1458	1223	1770
a	1416	507	9719
a	1347	197	9016
a	1516	564	8557
a	1391	788	3301
a	566	635	5097
a	517	45	9367
a	498	2	1509
a	1660	323	6719
a	1151	1880	6359
a	1480	1437	6590
a	1317	566	860
a	698	1938	4353
a	576	534	7056
a	336	1291	61
a	786	1588	4181
a	1355	1965	4479
a	1479	4	7418
a	179	934	8183
a	575	1441	6463
a	1724	266	6973
a	1486	1645	6693
a	1852	21	5188
a	1	550	6383
a	1669	714	3121
a	1108	884	6969
a	1941	330	71
a	710	1464	1763
a	984	1250	2928
a	782	1988	6606
a	1579	1122	2162
a	1562	896	6593
a	419	766	6568
a	1100	2	7204
a	697	1949	4566
a	1419	1610	1865
a	956	1982	6528
a	1738	1616	3763
a	76	1829	6595
a	149	1707	4630
a	1536	265	7065
a	1884	345	547
a	1835	148	7004
a	540	981	1910
a	1	472	3311
a	854	1641	1954
a	1767	951	7174
a	1001	1396	3749
a	1604	1255	7439
a	467	1850	2633
a	1206	911	3279
a	178	487	5977
a	1122	1877	1146
a	1756	1044	7124
a	910	1710	4777
a	103	1948	407
a	1405	2	7881
a	836	149	4273
a	1869	666	2470
a	749	1285	1590
a	126	1640	1124
a	142	1485	5312
a	263	375	9470
a	890	1401	6632
a	1630	781	5319
a	996	1989	7883
a	603	497	670
a	1129	1945	7429
a	1	818	7507
a	886	755	4863
a	1715	1327	8416
a	134	258	3470
a	1463	525	7786
a	1051	1891	6629
a	1858	529	8060
a	17	673	8222
a	327	388	2319
a	290	631	2138
a	1271	373	791
a	1699	1692	8659
a	888	1265	5582
a	170	336	4072
a	1575	242	5513
a	1252	1721	6416
a	345	1451	6951
a	1672	930	5507
a	776	366	1819
a	856	1992	3461
a	1	1569	725
a	1593	1809	3453
a	230	2	6150
a	1334	1043	9135
a	1068	799	5990
a	1801	1758	8424
a	1176	1261	2564
a	1217	263	4116
a	168	284	3522
a	1472	68	7176
a	796	646	6929
a	230	78	965
a	1415	1863	4611
a	198	1367	1018
a	1159	918	3578
a	1	856	8903
a	938	1090	4729
a	332	1525	1258
a	1120	1812	6530
a	1271	1283	6678
a	1785	1943	438
a	1959	1273	9018
a	1140	125	9409
a	259	1072	3836
a	544	958	4908
a	246	924	8312
a	839	1929	5126
a	654	1227	8711
a	1618	160	9934
a	555	350	4313
a	1489	476	2415
a	1071	1918	7
a	1732	1604	3140
a	11	1852	1166
a	496	1315	8705
a	470	71	9926
a	936	1863	6748
a	933	550	5231
a	1086	1780	6169
a	1092	813	2254
a	599	1539	9361
a	1171	1578	3771
a	588	252	8322
a	528	942	9377
a	247	806	5911
a	1376	1058	3794
a	839	98	2165
a	407	22	1519
a	1757	1204	9607
a	409	1881	9050
a	485	974	669
a	1354	1365	3714
a	1821	1544	9566
a	696	1805	490
a	434	946	627
a	1124	929	6422
a	319	1917	3727
a	834	1715	324
a	418	1386	8074
a	134	1398	4038
a	1686	572	8014
a	1643	881	7489
a	429	399	6077
a	1004	517	1799
a	1989	790	9226
a	7	1698	827
a	1226	450	2514
a	1294	1467	1070
a	1322	1984	2261
a	481	1502	7695
a	298	764	8713
a	1376	25	9693
a	1709	202	8552
a	572	1209	3893
a	294	467	2927
a	1897	314	9165
a	1777	1884	899
a	618	726	506
a	1597	742	5021
a	75	337	9614
a	547	575	2314
a	71	1617	1031
a	861	1155	505
a	563	1653	466
a	1889	1290	9961
a	571	959	8131
a	333	844	5074
a	352	725	3261
a	47	1716	5409
a	1735	1962	9850
a	962	935	5887
a	1718	1218	4093
a	509	1568	7721
a	563	749	3500
a	45	163	7203
a	901	1018	7227
a	1512	647	2990
a	1415	1564	1317
a	1860	1301	9
a	1312	771	5431
a	1372	947	690
a	807	448	9021
a	681	1425	7792
a	1454	968	2680
a	262	974	9331
a	1716	1918	217
a	1270	1183	8278
a	25	715	9963
a	261	31	4512
a	1736	114	8415
a	1146	1252	7669
a	634	1456	7046
a	803	1502	6523
a	573	1412	4746
a	170	381	8433
a	1557	1650	8409
a	1058	804	2518
a	1425	376	7854
a	1585	1498	4689
a	660	1519	6096
a	1305	1363	737
a	517	1927	9241
a	945	1644	1746
a	851	1517	5779
a	1252	1867	7814
a	1170	1986	9950
a	1885	713	2615
a	179	1310	1255
a	279	471	2871
a	358	1880	3452
a	1673	1023	2765
a	556	1827	9521
a	901	1512	1692
a	1348	1686	2173
a	1911	985	611
a	96	161	4460
a	723	1576	2941
a	1110	1172	1926
a	81	179	2272
a	1983	1937	3237
a	1241	1896	4248
a	1216	1814	1018
a	312	360	2005
a	1530	1146	2142
a	1973	1480	1940
a	1841	154	3064
a	1225	1881	2264
a	499	1141	201
a	1809	998	9419
a	1796	1252	5734
a	1582	1581	6635
a	1599	1777	6656
a	425	139	8023
a	522	1374	8902
a	1792	174	9357
a	908	679	2717
a	1784	600	6808
a	1565	1975	169
a	708	1204	3967
a	620	360	1553
a	1724	792	2129
a	1464	254	3412
a	1451	1764	7583
a	1989	1388	6953
a	1538	980	6954
a	764	1891	4404
a	1138	380	9429
a	1413	860	2704
a	44	594	1344
a	1919	1337	5438
a	1355	338	3219
a	1775	1026	7750
a	1812	1144	3864
a	1650	1817	5587
a	1909	1636	6692
a	558	14	7670
a	1947	212	9916
a	1436	1163	5486
a	585	61	6876
a	718	1967	1211
a	1086	1119	8607
a	1546	1274	5573
a	290	1647	6964
a	1607	279	1367
a	870	14	3720
a	924	1170	6148
a	1354	331	8411
a	825	639	7367
a	335	550	4517
a	31	313	3079
a	175	905	1621
a	1633	90	391
a	14	1636	7343
a	1258	129	7136
a	1332	1672	6604
a	838	1381	2988
a	1581	43	1733
a	200	473	1225
a	755	137	3628
a	222	1230	9021
a	1517	1841	2000
a	1005	305	6996
a	610	1315	2213
a	1836	1963	6508
a	367	964	2400
a	715	1736	1406
a	511	670	848
a	1913	1171	2581
a	610	1012	868
a	1715	1113	3793
a	1548	1123	1025
a	788	1773	2188
a	916	922	8939
a	1926	980	8367
a	742	1071	9864
a	1344	303	8234
a	1732	658	6173
a	1995	64	5788
a	16	384	4526
a	1768	838	5965
a	951	363	8195
a	1236	459	2678
a	982	875	9955
a	413	1444	1337
a	286	297	4525
a	1112	375	9866
a	33	542	9815
a	1999	1560	2990
a	1014	730	2172
a	16	987	6371
a	1159	778	824
a	1035	1516	6084
a	400	1481	7027
a	681	872	4282
a	1823	176	5115
a	356	1946	963
a	400	1368	1725
a	1822	1708	8909
a	545	374	1372
a	430	1476	1285
a	1192	1126	7318
a	1604	1835	6073
a	1381	74	9044
a	406	587	5305
a	386	1240	9256
a	1470	1636	6920
a	173	1152	9798
a	1117	1521	9488
a	207	661	3720
a	608	1822	6272
a	1291	1497	5781
a	1011	1355	729
a	554	179	2590
a	1550	892	9872
a	116	1655	1628
a	1587	1820	7342
a	622	1337	4759
a	682	1906	2801
a	1599	273	1824
a	888	631	2719
a	157	932	7617
a	107	45	9074
a	881	1542	2804
a	260	1459	8835
a	274	1043	1661
a	1502	223	892
a	533	554	2243
a	1336	573	3637
a	1743	1560	7304
a	1735	1624	9204
a	1463	321	4046
a	538	805	1688
a	847	1885	3994
a	719	791	5876
a	570	101	7961
a	1240	1153	1238
a	1382	460	5776
a	95	1278	2694
a	1015	749	6332
a	811	162	1877
a	705	1467	6067
a	577	1776	6143
a	925	182	5074
a	1783	801	59
a	852	1273	9847
a	403	453	9527
a	1936	1345	1940
a	260	474	1010
a	194	1718	5920
a	997	405	2523
a	234	835	3771
a	668	382	3292
a	471	899	4065
a	1091	166	75
a	62	164	7011
a	1153	543	9676
a	935	1365	8693
a	694	1028	6706
a	508	1071	2534
a	1410	636	2150
a	547	1046	5459
a	1585	1066	5132
a	882	1199	505
a	1593	251	3409
a	1578	97	8234
a	1347	1112	6865
a	1149	1320	2093
a	1066	1776	9254
a	611	905	9268
a	1399	1696	8101
a	449	1098	3417
a	40	1593	524
a	1505	373	357
a	435	607	9685
a	1713	680	6743
a	539	1877	8493
a	1919	782	3168
a	463	373	2478
a	196	336	2327
a	328	168	7833
a	559	655	4817
a	942	253	6554
a	1414	619	1049
a	1709	1913	4053
a	835	1736	5330
a	1845	1353	4213
a	1477	25	921
a	310	234	9667
a	998	278	4088
a	470	863	5141
a	239	1722	666
a	1929	1324	8778
a	1035	977	8650
a	1935	1054	9491
a	1445	814	4973
a	1625	1794	4544
a	401	486	1212
a	1221	600	3391
a	300	1560	8136
a	1668	1177	2375
a	620	1105	353
a	111	1746	5359
a	26	876	5483
a	1300	152	5848
a	585	1807	5829
a	1435	1159	168
a	1236	1514	769
a	496	17	5952
a	1790	1324	2170
a	1388	576	5207
a	1812	162	2777
a	456	895	9163
a	1222	571	6874
a	237	1719	6948
a	57	689	7958
a	170	1239	1157
a	752	1707	1047
a	1408	1252	4159
a	1250	101	9730
a	21	1689	4889
a	1085	149	8118
a	1158	963	3461
a	1372	679	9612
a	948	1199	5098
a	893	644	5961
a	713	247	2728
a	772	1036	1521
a	1968	629	3467
a	438	8	5907
a	1510	1004	5482
a	88	1907	4294
a	330	1060	9283
a	1241	1754	9022
a	251	1519	2968
a	648	767	7829
a	900	1466	2755
a	354	640	664
a	337	982	963
a	67	253	4759
a	59	1409	9741
a	761	971	5682
a	1662	47	6019
a	1303	1161	7521
a	185	1543	9566
a	402	925	1580
a	77	797	4292
a	229	930	6420
a	555	1866	8800
a	105	765	413
a	109	29	8917
a	1437	1753	6128
a	1490	734	178
a	1244	529	9788
a	1291	1468	8219
a	645	1870	1077
a	486	1311	9089
a	1571	1059	9215
a	445	1727	5803
a	1957	818	3386
a	1208	271	4016
a	577	288	3276
a	1702	78	8400
a	339	21	6765
a	1945	715	2296
a	1050	481	1291
a	870	894	3363
a	407	724	5946
a	140	1009	3356
a	844	841	9632
a	630	1886	2209
a	281	61	383
a	1518	1189	9506
a	1778	642	8616
a	768	569	3651
a	438	101	4352
a	740	1325	1401
a	1859	991	2315
a	974	859	7146
a	98	982	3395
a	239	379	3800
a	1243	527	3289
a	487	1165	6102
a	436	1289	8155
a	976	1294	6325
a	1817	1021	7348
a	221	1426	4041
a	1952	1336	4855
a	1615	61	7150
a	147	352	3435
a	778	1918	2648
a	956	1941	1148
a	887	1679	5518
a	324	1187	952
a	52	210	6888
a	274	180	1537
a	1414	14	5354
a	1081	389	5086
a	1781	1244	8780
a	1759	1040	5451
a	1510	1986	5623
a	564	164	4929
a	1820	1567	9820
a	573	1406	4024
a	801	303	9552
a	1175	693	9973
a	1951	736	8359
a	562	532	3272
a	105	1019	3597
a	238	569	264
a	1775	861	1363
a	1580	669	4247
a	1409	1239	1240
a	1044	1570	8250
a	909	1743	2613
a	738	1891	7271
a	615	1451	4685
a	262	1930	8868
a	542	1218	6077
a	167	1035	7304
a	1260	406	995
a	1851	541	9487
a	877	1078	3510
a	517	1125	9073
a	951	511	5045
a	1766	1928	8589
a	1400	1989	4531
a	863	1140	7927
a	1174	12	4252
a	443	426	8832
a	487	1201	5552
a	1105	526	8078
a	1908	926	8211
a	1139	859	6502
a	1457	1590	9392
a	1530	1124	6524
a	1744	754	5079
a	752	1004	2892
a	1107	1746	4275
a	1572	228	3952
a	1933	1481	3755
a	1454	680	9055
a	1230	979	5811
a	1679	522	543
a	479	209	6946
a	1629	1687	340
a	213	485	8251
a	149	1817	9655
a	1408	814	2
a	1159	1831	4358
a	1800	1364	4840
a	779	1295	1138
a	173	1140	4255
a	753	978	9948
a	1104	1872	8
a	1961	604	3912
a	83	660	1416
a	329	308	5058
a	1238	1585	5259
a	307	1977	835
a	1673	178	6581
a	1480	888	8109
a	504	157	9214
a	1458	1548	6001
a	509	1760	2897
a	1313	1692	384
a	1324	712	987
a	1535	48	8456
a	1860	1508	8507
a	174	1799	3793
a	1234	1023	4344
a	420	1042	3536
a	1947	566	5897
a	1639	66	8630
a	1878	798	9235
a	495	507	3985
a	1905	860	9144
a	765	489	4752
a	1033	1783	6629
a	280	1699	1955
a	188	1908	754
a	1353	1298	7811
a	51	564	7528
a	1043	1391	7702
a	1102	250	8976
a	454	610	7147
a	145	1292	2033
a	255	1273	5820
a	942	1035	4951
a	187	786	9377
a	1847	725	2381
a	1076	1692	1234
a	1006	297	6702
a	518	709	9234
a	313	572	3622
a	27	107	8664
a	600	1879	1411
a	959	546	9834
a	502	139	8643
a	306	1950	9956
a	1232	876	1255
a	1295	309	4788
a	66	1413	4
a	283	291	4769
a	1099	109	7849
a	752	1708	4257
a	634	412	7054
a	859	1393	982
a	1462	1064	3580
a	1960	1970	3125
a	425	1203	1751
a	279	388	4376
a	909	781	2341
a	1946	704	9530
a	388	1383	6776
a	1092	1575	5202
a	21	1658	2652
a	1660	671	6385
a	1320	938	8015
a	1230	429	6233
a	1144	814	9679
a	1236	1798	8675
a	760	55	3805
a	832	708	9812
a	433	1679	125
a	1317	1603	3851
a	455	1742	7961
a	832	1199	4051
a	1056	1039	6415
a	207	1230	1829
a	1285	747	3712
a	510	617	8925
a	298	825	8073
a	362	1268	6347
a	1537	1623	3717
a	342	17	8641
a	368	267	9828
a	919	752	5129
a	1192	1194	6877
a	603	1901	376
a	1549	830	4077
a	46	1783	2232
a	652	1096	262
a	859	1888	3107
a	913	328	1048
a	718	1061	424
a	1417	217	7092
a	616	430	2079
a	905	397	7228
a	854	1684	6592
a	222	246	8795
a	1405	1047	3191
a	618	1723	8540
a	1256	1773	6820
a	1876	967	6925
a	1709	1037	9113
a	1472	52	7838
a	242	1061	8935
a	49	1860	56
a	1938	320	7778
a	1623	1833	4821
a	1665	997	6965
a	1530	1391	1398
a	832	544	9976
a	176	4	8889
a	1520	637	2409
a	1692	1557	6732
a	1328	256	2729
a	1091	1158	4909
a	113	552	4240
a	1574	1276	7110
a	910	1185	1608
a	791	1894	8094
a	1186	388	3414
a	50	1430	7773
a	751	98	621
a	994	1217	6793
a	1595	1594	5039
a	1977	337	3359
a	126	1123	5169
a	1310	1579	2443
a	1471	91	3125
a	114	662	3728
a	77	610	6140
a	1587	1235	9550
a	599	1681	73
a	1241	1427	6279
a	1821	98	8783
a	877	140	23
a	383	199	4754
a	1252	424	9685
a	1863	265	265
a	263	1556	559
a	1632	1232	24
a	32	553	9316
a	808	90	9428
a	1613	1193	9927
a	504	96	4772
a	1800	1954	6594
a	1660	592	3745
a	369	1098	5269
a	707	1470	8055
a	872	1151	7137
a	862	606	6337
a	1266	1334	3845
a	553	1621	3659
a	824	652	3803
a	1916	1331	4547
a	151	1145	6572
a	60	1426	4299
a	1756	804	3038
a	27	1243	1300
a	1886	675	3909
a	613	143	6807
a	1745	590	9884
a	162	209	4908
a	1337	1836	621
a	365	1991	7453
a	81	1644	394
a	540	621	6272
a	39	1910	5678
a	1002	680	6511
a	288	1942	8787
a	1323	158	4291
a	1611	1463	4889
a	322	141	8330
a	1915	457	9855
a	538	1209	6061
a	427	458	5351
a	1972	1484	7085
a	683	797	2549
a	77	518	4730
a	1134	1850	8181
a	1629	1321	6860
a	1476	1908	8575
a	584	1156	5616
a	1216	804	128
a	22	225	5365
a	524	675	4308
a	1863	1710	5432
a	1783	171	8361
a	221	31	2969
a	1356	1899	6768
a	1281	1469	6507
a	1797	673	8786
a	1157	1538	8479
a	1406	981	2964
a	363	1439	3952
a	1523	603	8439
a	334	1836	5915
a	1071	445	9928
a	353	730	4511
a	77	1678	4003
a	1308	1319	1697
a	1756	921	128
a	390	80	9967
a	1478	1999	9428
a	1635	524	6730
a	537	197	2088
a	998	276	8225
a	1313	1352	1225
a	263	371	6515
a	1761	102	5066
a	915	960	9126
a	58	1782	6191
a	1058	131	412
a	729	1315	3313
a	126	1064	9058
a	1411	1266	6755
a	329	1150	7124
a	278	1757	4604
a	1595	1634	1051
a	1644	1261	3581
a	208	776	6144
a	1750	1914	4291
a	1880	1087	3424
a	447	1500	9861
a	444	1663	1481
a	1938	1798	5076
a	1483	175	1144
a	1477	1413	8458
a	1580	614	8048
a	353	201	7282
a	987	822	4811
a	1238	1485	6532
a	1253	747	5943
a	44	589	8056
a	1287	1110	1111
a	87	1630	39
a	814	123	7094
a	1561	1218	1195
a	308	1060	4837
a	1792	1978	9646
a	755	846	8859
a	803	452	8523
a	1037	323	4790
a	514	1524	963
a	1688	1433	14
a	1431	1379	76
a	1039	878	9424
a	1372	229	7476
a	1268	438	7578
a	683	1596	4116
a	1032	1467	1746
a	1055	385	8600
a	3	1096	6618
a	575	236	2831
a	1267	148	3749
a	591	854	2268
a	1156	526	9518
a	111	1889	9739
a	1272	1177	5363
a	189	131	3670
a	423	1530	8617
a	1053	51	8590
a	1778	1734	1171
a	914	1887	2714
a	203	440	7248
a	1516	258	713
a	786	1741	6907
a	1502	1641	7655
a	161	893	3368
a	519	1070	6990
a	706	723	9609
a	1079	1046	4876
a	918	484	2031
a	24	1186	5768
a	402	1143	5707
a	797	1450	8882
a	1673	939	8534
a	1861	1974	5621
a	757	422	4722
a	1624	38	3926
a	1586	1906	6824
a	678	1873	8844
a	738	548	2522
a	1722	622	7769
a	1005	718	1535
a	1673	1302	5452
a	1416	981	1846
a	292	635	1662
a	920	132	6418
a	677	1084	3310
a	767	657	5077
a	864	1403	1654
a	211	1412	6535
a	950	701	4947
a	534	956	392
a	1647	1900	7139
a	1810	1133	484
a	952	1701	4621
a	1988	304	3642
a	1537	904	6172
a	1798	1692	2313
a	1244	1015	7563
a	877	250	4581
a	1636	465	9016
a	644	173	6207
a	182	1252	7216
a	613	1364	322
a	1409	1035	9611
a	397	491	702
a	1449	282	9847
a	1676	975	212
a	6	1053	7341
a	772	1644	970
a	187	680	563
a	904	784	4683
a	61	1620	6696
a	66	662	6068
a	253	536	2974
a	1307	1911	3380
a	155	1605	50
a	1063	1099	8329
a	1561	614	9141
a	1725	939	766
a	1211	301	5783
a	689	59	3573
a	1850	1176	5377
a	1105	755	612
a	990	1935	5325
a	1238	659	4195
a	966	1462	3367
a	1284	1419	5763
a	1224	76	2130
a	1836	179	3268
a	726	321	3278
a	1517	458	1412
a	1209	873	6985
a	1642	497	3524
a	1915	1967	7135
a	1533	1492	3958
a	355	961	7399
a	1173	1699	2294
a	949	479	7741
a	1141	1323	4617
a	815	506	3618
a	1891	1303	1969
a	375	1556	7609
a	302	410	5369
a	430	1955	4986
a	504	594	9780
a	1144	1146	3054
a	1631	1535	9770
a	960	500	9341
a	283	345	1370
a	379	1520	9373
a	812	1744	289
a	1399	268	4098
a	1793	1451	5374
a	1150	658	717
a	1986	1468	473
a	1491	346	9691
a	478	631	944
a	1391	1277	6590
a	693	789	3178
a	674	1247	6514
	1102	1159	3217
	562	1884	5255
	635	1918	7055
	778	1377	5489
	1882	1038	2156
	1495	1649	563
	713	169	2158
	660	416	4206
	1485	571	7994
	907	121	9104
	69	1694	2661
	767	587	882
	1463	68	9050
	320	1243	4308
	1669	1311	872
	1298	1068	6392
	1062	1245	510
	1813	1659	2648
	1324	44	3542
	1334	253	7418
	1999	709	8079
	1839	1040	1954
	553	1036	173
	1595	1780	468
	1102	248	1090
	733	1387	4546
	1548	498	5199
	1510	1849	5667
	1513	287	7831
	1718	945	6132
	1115	236	2290
	210	1979	5913
	277	1096	4506
	1688	354	7413
	1804	1416	415
	1745	416	2903
	754	1044	2937
	143	977	5124
	1640	281	720
	1038	361	4873
	1538	613	1279
	1002	361	4846
	1816	787	4965
	1613	1136	9569
	209	1375	7207
	471	1723	1116
	1711	160	5043
	287	1427	1531
	1158	1758	2570
	935	339	9359
	1156	971	7072
	761	1119	3605
	1841	1821	5791
	1885	1556	8468
	13	1276	3220
	1911	1312	8944
	1124	1750	1478
	1455	846	5158
	1612	1859	4282
	1591	114	1224
	1204	1178	615
	105	448	7364
	1580	225	4072
	1468	1210	2076
	1765	444	8955
	1523	1793	1984
	127	1984	1865
	1921	268	9939
	845	1978	5914
	1582	1980	5148
	1971	563	3566
	1925	1842	6125
	181	607	890
	94	144	7153
	790	470	6231
	321	1457	3586
	292	450	4901
	1534	1198	2823
	1472	391	3908
	617	1060	1937
	1319	1080	7722
	1282	1803	9989
	1763	478	3974
	369	1452	5031
	1681	87	5337
	1977	1096	4126
	844	1519	9849
	1956	174	9222
	482	1396	8843
	1532	1064	1346
	159	182	3858
	1784	1665	1613
	537	98	3699
	1610	41	8975
	889	951	3290
	586	576	9448
	266	1726	6998
	1539	1625	5673
	1003	1385	7868
	1945	38	1182
	709	1531	7772
	1961	1484	1105
	702	416	9238
	1770	68	4161
	1904	1197	1302
	193	1970	6931
	1050	1286	645
	1694	1819	5384
	1113	1374	820
	1335	1323	8975
	1586	1275	5219
	1326	1050	2527
	1483	153	2609
	1637	968	380
	1109	303	2098
	995	963	8338
	1103	1117	2142
	1057	1769	4570
	580	1278	9536
	1051	283	8311
	1789	1028	9180
	258	1905	7348
	1847	1700	4422
	807	1800	4195
	292	811	3810
	1201	1989	6435
	1719	1567	2402
	1563	51	9853
	1695	1346	8958
	1075	1318	9317
	597	1282	4189
	1815	270	7465
	1038	925	2620
	1495	1970	4110
	1558	1835	4198
	201	1875	9025
	1088	541	3836
	1760	15	8143
	1727	581	2744
	613	111	8430
	1955	326	9538
	322	1828	9971
	1639	1698	3849
	1302	1507	364
	109	1772	9703
	225	1347	9723
	739	985	7929
	1218	998	6240
	728	1638	5295
	319	869	8552
	309	1983	3993
	449	52	6275
	233	1421	131
	639	1085	8681
	707	1685	9160
	1368	1913	4393
	1117	1346	6333
	1729	572	5363
	1161	56	8844
	1921	1858	5147
	1483	133	1704
	1196	1466	4490
	1005	1438	5238
	1153	1341	6359
	1202	1014	5304
	1696	1621	1226
	1094	680	2841
	1681	876	7170
	1176	872	5042
	1452	1069	1425
	1761	591	35
	755	598	5884
	1674	1722	5180
	515	192	8658
	1881	1459	4521
	621	1342	2129
	1570	1245	6895
	413	894	6110
	1191	1307	6060
	431	1525	4997
	188	654	896
	638	914	5887
	1965	129	4394
	923	1010	2816
	1387	1705	2188
	767	1519	2803
	186	266	8669
	1054	1843	8467
	1417	1272	5513
	1278	173	8158
	1130	1584	9237
	702	489	835
	598	1742	2253
	1447	305	5786
	1964	93	6045
	1403	477	1372
	1295	717	3434
	599	208	2164
	572	1884	2971
	517	845	4415
	624	563	7582
	806	357	5081
	1477	780	1407
	1012	1221	8743
	264	155	8747
	1516	393	6018
	375	263	2049
	1392	278	3606
	1448	520	8138
	1843	1921	2232
	1934	488	3280
	1645	501	1830
	1315	598	7155
	971	1600	3669
	277	319	613
	404	1299	8869
	1722	1415	1917
	1973	1617	4291
	679	1204	6969
	1891	1964	1574
	156	1111	1635
	131	551	9574
	1013	743	7967
	1591	1316	2841
	1764	936	2053
	25	217	6244
	958	678	9910
	1109	1518	7712
	866	1466	2677
	157	349	9945
	1191	1420	5744
	1819	1715	4318
	1932	498	3042
	321	1628	2260
	546	175	231
	174	1139	7110
	1299	580	2199
	907	544	5687
	138	1007	8694
	1855	313	4453
	976	461	6325
	1348	701	3239
	180	213	1330
	841	1746	411
	1154	1285	1163
	585	1208	6275
	243	1224	492
	284	1566	7526
	95	248	8552
	1491	1069	6334
	427	1842	316
	909	362	1584
	1910	596	4386
	1765	1919	5029
	1201	1308	5197
	387	64	9007
	1749	459	9690
	1458	276	5479
	125	1607	5626
	1089	1740	7130
	994	1876	2314
	70	1021	530
	226	458	4784
	1617	602	6151
	469	791	6225
	1467	780	5708
	1034	953	2515
	1158	931	1365
	561	458	1910
	476	1551	8156
	626	1436	2590
	1073	375	2853
	441	1544	7189
	675	47	9902
	1861	103	2014
	713	497	821
	91	37	5259
	280	148	8910
	82	736	3876
	1423	557	3792
	857	1970	5182
	1396	193	6322
	916	33	7462
	1880	1550	1778
	1392	914	5592
	1558	757	8457
	1445	1657	882
	820	74	812
	1214	318	1144
	1277	1670	2574
	1143	253	4296
	1343	1007	6469
	340	166	5740
	896	1124	7922
	1121	1287	650
	1637	856	8787
	626	1562	9816
	795	43	9556
	127	92	5189
	1709	1356	5868
	1899	1598	1835
	1964	1822	3174
	642	1657	252
	1247	1643	8672
	831	816	593
	324	182	6208
	804	120	3117
	339	1708	3782
	1276	1243	2242
	1542	1311	3089
	978	1596	2536
	1992	262	4414
	1204	993	346
	930	118	8036
	383	1346	328
	1919	1675	6684
	1058	1606	1218
	468	1176	4538
	1397	1121	9928
	1882	543	7119
	1748	656	5320
	1865	596	3495
	268	1205	9182
	553	685	538
	868	274	7343
	1992	928	8785
	1802	417	3323
	1625	578	6834
	1810	980	1063
	253	1383	1691
	577	81	158
	414	1872	1360
	1888	1375	4814
	681	19	3477
	128	1213	8064
	101	772	7971
	284	1380	9234
	1701	415	877
	818	1004	895
	1551	189	7314
	1409	1440	312
	1839	246	9127
	413	682	7470
	1741	752	4488
	469	862	8787
	235	352	7623
	862	686	1941
	600	473	7819
	529	572	7450
	1584	702	5264
	1571	281	9275
	525	1197	2316
	602	1340	7504
	1840	374	6744
	973	71	2239
	880	1029	4846
	1403	623	2776
	1297	1214	2631
	1268	371	2994
	886	714	8824
	1750	1951	3361
	356	189	8673
	1939	616	9835
	1765	390	9046
	1124	274	4433
	759	489	2215
	867	1944	9998
	351	11	2300
	1390	36	4291
	1838	1080	4623
	71	1700	4559
	9	863	9559
	742	1499	5259
	835	583	9183
	452	1377	2040
	1189	1896	6222
	1181	1928	6697
	1201	842	4552
	870	1151	8550
	1805	755	918
	350	467	574
	1326	750	2408
	1148	1632	7929
	50	407	2698
	1544	355	731
	1599	340	995
	1927	1373	8841
	993	414	5072
	990	1545	6554
	969	102	2269
	1764	587	97
	1754	1813	1054
	495	1014	5958
	437	1961	2897
	135	214	5135
	1597	166	85
	1857	1753	1439
	700	1403	60
	1541	1840	9062
	1965	228	2453
	872	307	8189
	81	1679	9040
	1147	1312	9428
	1091	664	150
	1913	941	6158
	949	115	9900
	440	29	9692
	1170	571	577
	1360	469	1047
	492	160	3109
	770	1051	6756
	1939	211	2109
	1411	1310	4587
	8	1609	5169
	1458	1823	9722
	472	1686	3975
	286	1272	8682
	1421	270	9158
	1937	1739	7331
	1227	67	2615
	1249	1235	776
	1927	1328	6495
	1530	1860	2504
	367	1124	8047
	1073	1037	7527
	393	1171	9589
	1632	1224	5902
	1659	1761	454
	1522	652	1423
	809	207	9728
	1275	1784	2042
	1879	1532	4217
	1056	216	5889
	1067	1464	6488
	719	197	8379
	744	1187	9646
	1499	1954	9244
	1782	95	9816
	919	1765	9108
	121	434	9570
	1028	1839	3869
	1636	1092	5467
	1701	1916	5704
	1409	1876	7002
	54	57	179
	1167	1301	7218
	1293	762	9382
	190	1821	4238
	197	1523	309
	660	201	8894
	1555	1928	1246
	188	1865	3106
	995	1579	3276
	1067	399	8965
	398	455	8979
	1599	1361	2833
	652	1290	1313
	657	1444	6815
	1076	405	1154
	307	184	3132
	1090	377	7124
	1126	539	990
	226	824	8828
	1613	1855	1463
	94	1999	3472
	402	1539	547
	1438	566	5069
	32	208	6133
	309	1772	6385
	1344	611	44
	1092	1153	3171
	1715	532	1092
	700	647	2890
	1752	1972	5133
	1352	1070	9013
	564	1626	3243
	653	823	3311
	465	1510	8130
	40	202	3382
	1154	623	7485
	1988	774	3377
	968	1589	745
	1361	1090	4412
	137	1382	1773
	1458	27	835
	129	423	2856
	1238	1258	4966
	6	1007	9369
	535	1692	7977
	1707	1102	6940
	936	623	1852
	1037	311	8384
	1535	462	6290
	1923	298	9943
	1968	641	2416
	181	1577	9333
	186	389	5544
	1126	153	6983
	223	758	9604
	1552	448	9962
	940	30	7896
	282	1795	3274
	1410	1889	4334
	1172	256	7987
	1226	594	4349
	1132	1320	6499
	785	1285	5418
	1727	583	2487
	475	1531	4284
	735	1545	2691
	777	873	506
	1207	399	326
	234	826	76
	131	1897	7022
	724	1192	9979
	86	193	2568
	878	349	5666
	925	756	9425
	998	906	6591
	1171	4	5498
	1859	1991	7987
	17	104	3632
	696	339	9545
	1249	1081	8207
	517	299	6299
	1127	1356	8735
	1858	120	7921
	990	36	313
	719	1850	9907
	1335	688	2677
	676	275	4493
	802	1202	2283
	529	1674	9183
	3	75	8713
	1292	709	4557
	1064	892	2664
	935	1175	2931
	181	1240	5319
	224	289	989
	9	1359	9835
	35	1943	8984
	1742	996	3217
	1244	1417	5697
	1600	973	5447
	1617	929	3439
	1613	1097	8138
	429	447	2948
	430	872	5936
	345	956	8590
	773	1158	574
	1200	1214	5982
	4	1861	4715
	611	762	3395
	556	1705	3667
	840	216	4917
	328	908	6882
	275	647	9630
	53	1441	7928
	764	623	7193
	730	555	3373
	487	781	9434
	1205	427	8265
	1974	230	5504
	1815	1830	1740
	854	314	5621
	793	1538	2971
	1459	1441	4509
	1497	1558	7765
	781	885	3727
	1006	208	7596
	1901	1393	8539
	1440	1670	5647
	158	1567	6741
	336	1709	8602
	757	1043	4785
	1957	708	3798
	262	1513	7157
	599	304	6472
	819	1776	6420
	36	530	2965
	1756	1646	8142
	768	1993	2258
	1759	1909	1065
	408	968	1416
	323	1803	2239
	1840	608	1271
	906	1846	3237
	1341	434	7647
	679	559	9167
	1478	885	7928
	1944	1032	9487
	1302	438	9152
	988	37	2886
	1599	1003	1022
	1947	346	8714
	115	179	8304
	1667	75	3817
	1231	8	383
	1037	1939	3126
	385	336	4608
	690	1169	2231
	893	194	4944
	453	865	5630
	683	268	1007
	1605	29	841
	528	1355	8513
	1958	1451	2161
	1643	1783	7441
	1938	1442	3597
	1367	28	2678
	931	1140	3034
	1845	369	7127
	1866	828	8959
	1466	1362	331
	822	1129	2621
	1655	1819	490
	621	13	1086
	1123	343	7303
	1948	796	6474
	1513	939	7712
	1831	1009	2172
	861	943	7393
	1727	160	8364
	1731	293	4404
	1536	1761	5351
	1057	1730	6227
	276	1463	2728
	825	1754	5960
	1987	604	5986
	698	1450	6925
	1949	569	1325
	597	664	2945
	1136	102	8352
	1511	1957	2297
	531	1296	521
	1317	1937	1360
	1751	884	6279
	836	213	363
	1871	1907	2623
	115	60	535
	1321	752	2162
	629	555	5703
	465	238	7678
	181	218	9452
	996	1925	774
	901	305	7044
	469	1887	2699
	1033	387	7438
	1554	807	4269
	266	1902	2434
	567	1260	9260
	1548	437	9250
	1687	1142	3813
	851	1034	5087
	430	1931	713
	950	1277	8914
	934	801	3969
	1821	159	1775
	652	498	2127
	602	593	1663
	860	1177	1840
	1148	1304	3484
	1151	391	4350
	2000	1929	4076
	1797	807	6700
	643	30	4198
	1658	1833	4228
	791	142	8090
	1686	609	3765
	823	281	9823
	1484	629	3627
	1856	284	1277
	1872	534	6303
	1816	846	5207
	1160	658	1304
	1304	1122	1991
	172	508	4690
	562	180	252
	33	578	3024
	63	1366	1299
	469	1343	5150
	32	1514	9136
	141	648	1936
	130	1391	2225
	1523	352	9002
	1051	713	9057
	403	1397	5227
	1086	1257	3428
	1400	68	4553
	369	1848	7307
	964	149	4520
	524	429	2211
	1331	1799	2697
	656	637	8994
	1490	860	2966
	1792	1442	8815
	380	146	9749
	110	127	3952
	575	211	8066
	1519	392	7436
	1364	1487	8694
	891	247	1557
	452	1129	4861
	81	1793	4891
	1094	1943	725
	985	495	9745
	1086	1799	2621
	503	491	962
	52	833	7770
	752	317	7796
	1298	254	1652
	1003	652	6657
	57	1083	7734
	691	72	7199
	439	342	9693
	208	1992	4049
	580	688	5430
	1811	802	1616
	1122	175	675
	747	1890	467
	1881	987	7169
	429	446	5347
	1787	638	462
	1971	375	5195
	1311	1578	7832
	968	494	8463
	36	1700	1744
	1294	833	6481
	683	432	752
	1363	434	5690
	199	1726	9001
	737	1176	2864
	1052	1277	8386
	449	100	8088
	1980	1077	285
	736	1444	6075
	1403	316	5237
	83	1003	4817
	155	310	4964
	444	1413	6088
	1897	822	8639
	1662	758	6763
	563	290	961
	1682	1798	8432
	618	859	4770
	1641	1541	643
	863	1859	9737
	736	1154	5658
	1687	1692	9488
	1984	973	8758
	454	32	9167
	473	953	6541
	613	1273	2712
	1866	1505	6975
	1300	731	554
	117	1871	316
	1219	1241	8940
	176	579	5002
	1749	421	9359
	1109	1990	4763
	111	1506	9966
	1302	1691	5901
	879	1108	7870
	171	841	8626
	990	434	1522
	1553	420	6116
	1423	1046	5173
	1260	468	6514
	1519	697	7938
	1337	933	3433
	1981	468	6589
	1893	1373	328
	1564	339	6020
	992	400	1163
	353	1158	6155
	82	360	7257
	896	1922	2634
	1005	630	5522
	1122	614	9077
	1846	367	7149
	1441	462	787
	441	104	6257
	120	1577	3565
	465	1810	3628
	476	1130	2919
	698	320	7269
	1608	159	6745
	1384	319	532
	1032	987	11
	1379	1508	3451
	564	1971	6146
	1595	1413	9432
	1610	727	545
	300	1930	6035
	788	1943	4604
	1326	959	6011
	1291	665	4245
	427	1702	2972
	1700	1291	931
	1172	1772	5530
	1350	1635	6807
	1066	1806	8016
	1783	475	1020
	1547	569	3308
	880	1741	568
	373	116	3754
	484	1991	136
	801	727	2822
	1436	463	312
	993	1555	6776
	64	1801	5279
	1250	913	5219
	350	1775	4047
	199	1534	8963
	1787	1983	126
	1307	1823	3183
	1018	1379	5243
	1336	1432	4198
	1675	1717	9544
	1203	985	1042
	130	1339	1365
	1691	828	5348
	643	1550	506
	792	1640	2057
	1612	1070	2899
	1773	809	9312
	836	500	6196
	716	610	6315
	1087	637	5570
	96	591	1235
	1681	1276	8972
	10	1939	7094
	360	84	566
	398	1646	516
	1473	1278	3018
	218	193	9542
	1916	1769	4388
	94	455	5549
	1237	1555	4161
	1903	1910	6199
	345	115	9184
	1202	1309	9614
	1927	1763	4441
	636	892	979
	456	958	3729
	1638	1559	7908
	1484	1950	7727
	387	16	4300
	447	1120	3372
	1521	1615	5401
	710	185	8984
	985	1870	4272
	909	1736	7360
	1030	1548	8611
	1530	1894	6800
	613	1922	4205
	1150	1071	6966
	839	1004	8395
	733	361	6974
	459	1504	8059
	982	796	4640
	384	503	8295
	1778	590	1814
	370	386	2540
	76	752	2237
	127	1523	683
	185	856	935
	242	859	8656
	1417	1216	9832
	731	210	9226
	699	944	6533
	22	1863	4031
	1628	411	6893
	615	1660	3021
	373	1137	453
	1604	156	2195
	1592	1040	2133
	234	1036	7690
	295	1899	7057
	423	822	1210
	34	1319	5391
	394	520	7690
	1759	1149	327
	1711	1186	2458
	71	1725	6375
	235	648	9233
	1285	1923	2644
	513	1998	7815
	92	597	4495
	1052	33	721
	986	661	5756
	1932	1420	5713
	608	554	3202
	952	652	9999
	257	810	3467
	1628	1458	4116
	820	1923	6586
	351	1135	2426
	1253	1491	3139
	687	477	3928
	451	413	2653
	1049	1852	2102
	733	128	3918
	178	1569	8501
	899	1199	9239
	1527	939	8471
	452	1659	4292
	1129	1893	8882
	1526	1761	2395
	1781	1625	6906
	226	1483	4361
	61	1418	6666
	120	1550	9181
	865	1248	8587
	559	1208	4940
	1292	1522	3875
	72	1179	336
	839	1725	8120
	679	20	7147
	1723	992	7674
	1935	191	3036
	1386	1330	9101
	312	1463	5273
	1410	1449	704
	1889	839	7695
	860	1235	936
	1256	1784	8454
	1115	687	4098
	1925	1548	2545
	1995	95	2642
	1891	30	8336
	38	1886	608
	99	1372	8593
	998	1676	3064
	1753	82	3560
	549	1587	997
	965	255	7881
	621	1677	141
	1742	1029	2959
	1451	1320	8372
	443	1593	3798
	938	1209	1740
	88	1740	2112
	1282	66	3258
	1235	94	2480
	743	1807	5602
	31	403	9517
	1796	1647	3720
	1250	417	997
	327	1060	4877
	1035	1531	7500
	1292	190	2652
	1977	642	6694
	945	813	2573
	251	546	9692
	1559	216	1013
	487	930	1543
	1094	385	6067
	591	393	4339
	1574	782	8082
	1838	1439	4128
	439	1341	7153
	1239	226	7253
	1918	268	8535
	29	210	3106
	549	1419	6243
	1097	1163	1209
	770	1127	7802
	1789	402	1217
	907	1118	5941
	1095	1537	774
	655	416	9224
	344	474	9995
	933	782	4664
	574	48	7126
	496	1817	5779
	1581	648	7307
	1509	701	3417
	1274	1961	8025
	1466	775	1619
	840	598	1975
	1231	426	4725
	1716	806	4883
	376	22	9780
	1193	487	8121
	1033	1178	4679
	1894	681	8298
	1762	23	6507
	1141	74	7435
	1174	1757	6830
	851	148	3994
	895	1931	8238
	1506	1404	1264
	102	953	5903
	838	1549	8659
	117	1464	6122
	985	932	9630
	824	614	7887
	238	312	3920
	1591	143	4299
	1305	138	2678
	1011	873	97
	1076	1055	326
	1978	163	2657
	1671	132	9952
	132	387	3322
	1746	214	9900
	1141	1696	5207
	1971	1223	6492
	743	1348	7911
	588	139	1456
	1364	1316	5689
	1660	1971	3989
	458	307	8845
	1350	1954	9200
	162	1071	9253
	1007	1221	737
	333	1046	6310
	1087	1594	9009
	321	779	1367
	612	1605	6969
	138	1894	2406
	1192	1737	8995
	1044	1578	1634
	1734	1649	8355
	781	1909	3630
	794	156	9922
	221	1945	17
	1178	262	2902
	129	267	9032
	1099	776	3242
	1267	1262	6732
	1036	1855	2117
	597	555	6337
	822	320	5526
	1394	890	3143
	1235	1898	9360
	488	857	7822
	865	1529	425
	1076	1245	2600
	221	1486	8675
	1808	1592	4722
	116	1316	4267
	408	1557	2882
	611	1038	7902
	1891	833	4471
	721	31	7603
	1550	1900	7119
	962	259	2402
	1102	119	2898
	579	22	3607
	1547	132	4466
	43	1470	2750
	665	914	8119
	616	160	8162
	1867	1443	4303
	1830	565	787
	687	1313	5649
	1423	193	7708
	1637	53	122
	1252	1672	8028
	663	1673	5716
	613	558	1865
	1420	1028	8655
	296	164	8717
	1555	988	278
	1001	1377	8562
	1775	889	1457
	1298	1851	8079
	1632	1028	5091
	923	1794	1791
	1162	689	2471
	149	1366	8627
	710	53	5554
	1776	178	2626
	1542	886	4949
	437	1617	9447
	153	1782	1341
	371	213	7270
	347	1868	4544
	1304	586	3502
	1608	1592	3124
	1181	1064	8041
	684	107	8145
	354	770	7349
	1370	1606	5581
	1600	1559	3208
	1158	1671	1117
	53	37	8711
	1697	1428	3645
	1658	963	1117
	1734	1344	4479
	294	1620	3937
	331	1745	1089
	1273	1153	5680
	852	927	4385
	857	944	9074
	865	397	9453
	40	246	4289
	889	1627	2804
	1868	1853	6186
	366	1481	9493
	759	1714	988
	783	638	6363
	1504	1511	3777
	170	923	5773
	799	436	9413
	1616	280	4875
	1494	1649	4835
	1183	1311	2809
	1158	1319	7602
	1864	704	387
	836	877	8692
	383	574	3215
	1866	276	5958
	1292	1570	6594
	1398	776	4039
	1979	189	18
	1927	53	4875
	1841	1888	9848
	1368	1530	8643
	1534	427	1416
	1046	1907	7896
	1409	264	6877
	726	131	8021
	1127	697	7887
	1928	501	5524
	949	1895	6252
	488	1946	1601
	950	788	2020
	1875	1346	8938
	555	1281	1688
	1433	1883	1313
	1808	1401	6773
	395	624	1626
	1300	1453	2663
	1184	402	9584
	1459	24	8834
	1540	1539	1678
	1712	1140	4240
	150	85	5807
	963	1794	321
	1133	802	3446
	272	1879	7266
	785	475	2551
	37	719	6806
	521	1202	2652
	134	1423	4974
	1413	1247	3363
	1585	1670	8075
	129	121	6741
	916	1881	9082
	1490	450	915
	675	210	1978
	734	1715	7965
	329	1554	9632
	993	1003	2187
	122	1519	4378
	1672	1261	3071
	450	345	2739
	379	357	937
	1520	851	4462
	162	197	9184
	1791	967	7533
	506	608	1266
	1851	402	6084
	311	1033	5065
	1963	1376	7531
	700	1256	8939
	213	359	1938
	1138	1812	9790
	1382	538	927
	1776	1005	9290
	189	160	3
	1750	1701	3153
	752	276	6617
	140	1831	6180
	402	442	3412
	95	219	6547
	457	474	4776
	1363	1158	8110
	101	1003	6379
	1535	848	2519
	1498	1478	7809
	1834	168	6976
	124	1439	8356
	1837	887	1809
	697	817	2369
	1429	1120	4474
	1394	1030	9622
	1614	1903	3719
	1827	1395	7941
	1135	1070	6196
	1914	1555	3512
	644	1121	9298
	273	1668	5555
	1189	743	5527
	756	124	1507
	447	405	2374
	1360	966	1358
	590	1023	6529
	7	237	9493
	483	577	5619
	65	609	245
	1635	758	4708
	1928	1238	1265
	284	308	9715
	1794	291	573
	58	1357	7002
	164	849	7718
	1459	1526	6987
	542	318	7299
	1547	135	9852
	1955	426	8315
	1811	1786	5307
	305	1058	5291
	694	516	9650
	1509	385	860
	27	1597	9616
	1440	1628	4724
	1025	1167	9668
	1081	251	631
	32	240	5233
	200	1062	1199
	163	1210	3230
	917	817	7615
	1676	1002	5036
	1076	937	9659
	1566	1816	8487
	351	1355	6362
	1885	734	2044
	210	1445	625
	1923	801	6058
	1468	1922	1955
	1855	1558	9514
	952	654	7294
	171	878	2120
	1794	526	3425
	1558	1443	2317
	216	1673	9763
	1839	1671	714
	1465	1886	5619
	490	202	2909
	37	647	4668
	502	1257	5673
	1094	249	4374
	799	23	5846
	1614	1287	2684
	308	1309	4369
	1236	1993	4260
	969	1318	8625
	566	64	8536
	177	750	424
	1681	1833	2489
	1975	1931	7605
	240	1781	5399
	1327	1924	9818
	318	408	3083
	1756	38	9469
	953	95	201
	1679	704	45
	1409	348	424
	180	72	2986
	784	1871	3395
	1584	78	2475
	1866	772	5884
	394	554	6341
	795	859	2017
	793	1090	822
	526	72	6134
	518	988	9555
	1695	1710	4300
	1416	1671	772
	481	1824	1715
	1646	939	9009
	890	1944	1885
	1603	1521	1802
	862	365	1774
	1122	1946	2427
	1049	1276	2040
	668	1298	5766
	1461	887	8330
	1558	1359	2441
	254	1745	4416
	1164	318	3482
	1905	1370	6215
	23	1452	7943
	1833	347	6554
	1831	1216	9228
	163	877	5759
	1311	108	8512
	1353	1610	2717
	1159	168	5196
	276	59	2681
	1398	926	6040
	99	1016	7880
	1056	1143	142
	1320	1324	9008
	1998	1703	6313
	1269	1129	7117
	1104	1493	4985
	1553	1132	730
	1381	91	8460
	1541	1535	9399
	145	1767	6012
	459	95	5510
	1332	1824	8956
	1021	1485	8835
	958	1682	8796
	820	483	5670
	1625	1312	2691
	1792	133	2627
	1545	1951	7817
	97	1401	1646
	1998	1085	9101
	695	1377	5373
	434	1485	9022
	1176	1190	6716
	1837	1103	453
	1240	25	5937
	395	174	1804
	329	1958	3869
	401	1489	7479
	1676	502	6395
	383	767	9858
	578	1127	655
	1523	1214	3344
	1573	219	5623
	766	7	3363
	950	222	3949
	1789	1582	2226
	666	1968	8403
	812	106	9529
	1294	994	4301
	862	788	7925
	791	1800	1796
	1758	1366	757
	1669	1231	440
	31	1572	6204
	495	1707	7660
	1219	223	7576
	1975	1632	6173
	1956	760	2693
	1573	1905	6130
	87	482	1568
	843	1460	8603
	1933	1213	7938
	1328	1748	6251
	1406	1032	7725
	584	947	8866
	1546	33	9053
	736	1246	2955
	1987	881	9961
	671	1404	6695
	1330	1248	7874
	856	275	4012
	1955	1916	7150
	141	30	4140
	730	1639	1249
	1888	1353	9866
	461	1426	1411
	1609	1310	8779
	745	1075	8479
	1430	295	7126
	1874	1065	3010
	1276	1011	3492
	859	545	1917
	1886	1920	6370
	652	50	7935
	1404	1967	7375
	252	1614	8847
	539	1632	3954
	1682	918	3797
	1636	1125	410
	908	1982	3698
	516	999	3105
	991	1031	8279
	1595	377	5459
	767	1520	5590
	432	770	1208
	827	1812	6490
	1808	1609	7141
	1197	1459	4717
	1862	1455	3166
	321	312	2624
	1523	1873	4162
	1122	1278	7904
	173	924	5860
	1494	850	4607
	1166	1173	1285
	1393	333	3959
	1908	1855	828
	1097	1490	6461
	1779	350	8612
	1995	342	5956
	1259	595	1309
	1740	1846	209
	1245	1192	6267
	472	359	2116
	349	1611	9315
	823	1895	7946
	1617	523	2169
	1819	243	2438
	1380	759	2201
	1399	1717	6972
	235	1586	3119
	1906	555	524
	1542	997	5313
	1226	1929	5553
	1574	458	9014
	198	1493	7859
	1062	1726	4588
	802	1280	538
	691	1396	4682
	1630	988	637
	270	736	9453
	443	448	3268
	387	888	9191
	1984	1901	961
	522	280	3288
	1096	893	9372
	1870	265	8192
	392	396	3177
	1376	1656	2710
	341	1015	5789
	862	1355	4866
	1452	1821	8704
	1387	1484	7947
	1586	1398	9449
	426	1802	3769
	377	940	8228
	1522	508	8065
	400	1977	7929
	464	268	5988
	309	1948	1496
	268	762	8190
	250	102	3250
	34	1947	933
	494	869	1408
	1745	408	8652
	888	587	5009
	1159	1473	5558
	903	404	6054
	85	1167	5774
	468	469	4990
	1341	768	4297
	1751	1226	5494
	1828	357	4679
	1019	879	882
	1709	422	9813
	1397	1662	4508
	58	427	4942
	1549	61	1770
	1805	1939	4867
	1567	1332	1497
	201	417	5400
	1446	1218	4357
	1879	1656	3710
	178	1826	8074
	501	804	8830
	1962	1783	6815
	983	460	2881
	1434	632	2047
	352	1664	9104
	966	1281	1938
	1207	349	4854
	1	1541	9521
	256	454	8234
	902	845	5659
	1924	1758	9275
	656	871	8168
	1966	1056	5014
	1736	261	8081
	718	1075	8755
	1963	175	7839
	1764	1982	7697
	1150	1365	323
	1429	1384	4997
	1085	1494	6949
	1939	1763	2037
	694	1866	7056
	1818	1144	657
	1469	397	7550
	836	542	138
	505	266	6117
	288	1163	217
	897	807	6242
	1342	1427	916
	609	253	9606
	98	634	1493
	1077	1102	3591
	1441	930	5281
	712	1494	4174
	535	1654	6504
	776	1055	590
	1969	293	233
	1776	1833	6364
	1600	1715	3186
	1070	431	4413
	766	230	8608
	1803	299	400
	1709	1624	9339
	791	1803	7618
	1259	419	1001
	620	1375	6391
	1637	1846	9007
	756	687	142
	149	455	2497
	352	1597	1479
	875	1323	37
	272	926	5080
	1326	1638	2571
	195	695	3197
	1207	470	3204
	753	193	2495
	83	822	9941
	545	221	554
	484	1330	3978
	450	650	7520
	1335	1315	2864
	217	1546	1708
	827	661	9974
	1234	1192	2037
	147	628	8383
	157	1031	564
	1466	951	2135
	481	1903	9857
	224	1776	9937
	1665	1319	1428
	310	1758	8096
	884	1411	8167
	14	998	4993
	1752	162	9680
	1316	1639	7321
	1195	1406	6060
	1607	173	4030
	687	426	7794
	1618	646	233
	1314	1575	9980
	1683	1426	8082
	895	1849	9446
	1777	1033	6524
	1611	1637	5758
	1584	1015	5938
	1362	1745	985
	976	832	774
	1634	1713	1372
	1100	1141	7945
	1051	1143	3398
	1914	1237	6353
	237	865	2164
	1740	889	7014
	1938	1009	6386
	978	1512	9946
	234	804	925
	717	185	5302
	1521	791	184
	1706	1399	9874
	1713	1965	5059
	327	406	5304
	868	1581	3696
	919	419	6098
	1669	1911	2622
	636	924	9394
	35	693	8372
	1195	1793	7374
	1965	797	7018
	1625	869	1311
	441	1203	4210
	495	1120	9566
	886	79	2972
	247	1527	4813
	14	672	7888
	531	1939	1077
	1870	1200	7507
	1377	1713	1471
	1662	1846	605
	1678	59	5209
	170	821	3459
	383	289	3963
	1514	721	6182
	107	291	522
	1108	952	4471
	831	563	6825
	1221	103	1273
	361	61	1301
	1981	685	3143
	1242	1305	6932
	605	1447	7982
	1180	1379	6931
	114	1562	2454
	1450	701	9162
	1737	1839	8626
	1565	1493	7754
	167	30	4979
	1823	13	490
	1206	1789	9262
	9	1656	2969
	1414	1806	874
	962	149	1288
	617	328	2563
	1958	1123	2535
	1801	624	5910
	1050	1444	493
	88	1533	7590
	1921	1668	7972
	64	1382	6096
	991	32	1662
	1477	1385	2285
	1563	760	2214
	486	1180	6258
	821	530	7722
	627	1035	2943
	1088	1591	8474
	1411	1720	4262
	1721	485	2602
	1460	1746	2616
	1260	156	8035
	1659	1754	2053
	897	1228	8332
	1366	976	5705
	1672	29	6247
	330	1684	4364
	1488	942	4303
	1016	206	959
	335	870	8618
	616	1047	2617
	802	968	6228
	1909	125	5778
	449	1021	995
	198	1232	5145
	1227	1990	3256
	1357	1399	3430
	1104	1050	6890
	726	1589	6127
	199	1915	590
	1253	300	9743
	27	1034	6673
	713	1108	8856
	582	843	4055
	1697	1318	9143
	1561	131	3632
	148	1392	1569
	403	265	4520
	1805	1336	7682
	232	1441	7551
	1590	1882	896
	223	25	8224
	612	248	936
	1613	1812	3566
	1266	109	3405
	1732	850	2609
	1067	1013	3103
	509	1145	2109
	1435	841	2331
	1843	1652	6365
	649	812	3249
	466	322	2664
	392	1569	3009
	827	967	8485
	1337	746	4248
	1641	1056	5965
	1050	501	1140
	860	1489	5073
	845	727	3967
	1680	1636	1774
	1350	179	2078
	1448	183	3242
	1124	1064	1201
	435	784	2514
	220	10	1324
	993	782	3019
	1277	534	1981
	2000	1519	3777
	798	256	5869
	911	1571	4223
	316	1071	4437
	1204	1458	8807
	196	193	7056
	1210	1843	2149
	1012	1699	9966
	636	1751	184
	1797	1816	3020
	1587	608	1774
	479	963	4124
	269	1665	1012
	237	781	8930
	1964	910	7736
	1294	685	803
	728	1764	6009
	1845	1865	2085
	499	1419	165
	117	1016	3910
	1097	526	5650
	506	321	512
	380	362	5103
	1825	1810	7636
	1851	1762	2913
	752	440	4432
	1235	777	9557
	715	157	1271
	202	1848	3328
	96	1151	4450
	151	865	2673
	1423	1779	3831
	943	389	3232
	944	1325	7948
	1844	191	380
	176	1314	5816
	549	1007	2490
	430	1647	5750
	1758	748	2643
	650	1177	5323
	1336	748	4220
	1909	1293	358
	455	883	1615
	938	1371	7925
	21	1765	8914
	392	1339	8697
	228	1087	1326
	487	290	5745
	216	1631	9539
	427	703	3898
	746	915	9040
	983	1326	5655
	591	1829	3850
	558	1625	7859
	190	460	5816
	1476	999	5623
	1611	1636	6691
	12	512	7349
	530	1221	5974
	381	383	7668
	1525	1282	4622
	1409	171	5406
	1676	1603	7796
	807	212	8658
	1656	1726	3321
	1383	1333	6515
	845	1670	2464
	1431	1923	9871
	864	613	2070
	1694	1587	6302
	144	1297	8358
	1213	1043	5634
	389	894	4869
	1761	1676	4494
	859	472	8922
	1087	80	4062
	1573	1141	3521
	1467	1910	5370
	1819	1501	6974
	1881	496	7693
	1271	53	390
	1035	1755	2524
	1276	365	7505
	1002	1250	7149
	55	1630	3745
	308	535	5156
	1915	14	7128
	756	1429	1624
	1485	1864	4267
	1587	288	5226
	1550	212	3579
	1290	1910	8018
	1258	1090	6071
	456	268	4717
	666	387	6818
	155	1930	4678
	1920	1392	6843
	219	639	9745
	607	448	7469
	328	1594	2983
	1181	1425	1401
	982	1196	4264
	1406	851	1528
	1783	1651	9819
	1256	839	6934
	670	1799	6664
	99	961	3101
	1494	688	2925
	889	743	6370
	1852	302	4215
	1558	1885	4264
	398	1801	3744
	341	1013	7785
	1974	104	9023
	562	1385	6672
	647	672	5683
	220	852	612
	522	858	9224
	1366	331	5358
	90	1580	3232
	1089	598	2873
	1641	291	3337
	23	354	8579
	507	639	1307
	933	119	7191
	564	1561	1962
	529	426	4494
	69	369	8458
	1631	1477	8746
	342	687	1098
	1802	687	7767
	1309	1345	503
	1751	1664	2183
	149	1285	4400
	469	536	9410
	297	399	5572
	332	1824	4771
	184	791	4442
	1749	16	9871
	656	209	552
	624	293	4997
	1508	1329	4002
	1015	1795	5175
	306	425	3054
	38	1420	4334
	278	690	9885
	135	95	149
	319	258	4103
	450	431	5075
	1901	1913	219
	195	129	7602
	827	324	4687
	353	1033	8679
	1419	56	9988
	1459	1252	2690
	397	935	818
	1973	915	7104
	1332	1549	2704
	308	117	2355
	1416	608	3746
	475	1193	8630
	71	1634	2229
	1106	737	5227
	1829	1861	6518
	143	458	5961
	1184	1002	7512
	597	267	6758
	40	952	1260
	195	904	377
	1705	1437	5769
	1806	361	2803
	1988	628	8692
	1685	564	715
	835	841	8771
	226	1540	4958
	5	937	8511
	663	1792	5458
	1332	645	8891
	49	378	6121
	318	1331	9720
	1296	1886	9716
	1601	1801	2656
	1325	1929	5406
	248	85	5320
	1019	1180	5477
	1252	1510	3079
	1433	260	5521
	234	251	1679
	1044	1222	9904
	711	1407	3389
	1339	47	4882
	1122	661	415
	935	664	5708
	1094	343	3211
	1087	746	814
	651	958	9576
	454	1049	7626
	1412	1111	5325
	187	1662	1923
	1038	1193	4393
	824	329	4507
	1911	1310	462
	1872	1782	3522
	1158	109	9720
	951	1761	8593
	1477	681	9727
	1414	1638	616
	1144	496	4969
	1394	1692	8723
	837	1179	6091
	963	589	1700
	1871	1091	1819
	1032	682	4751
	204	927	5533
	54	1977	6330
	571	1025	4885
	1662	1199	7982
	266	1453	2816
	1160	93	4550
	955	1311	9557
	870	602	654
	503	723	2103
	366	1413	9427
	1355	187	7577
	273	461	826
	1631	1856	6036
	1607	175	389
	490	1574	795
	678	1817	1689
	1892	1879	7956
	1322	1909	4197
	1289	836	3464
	1636	1120	5829
	222	1332	9062
	1765	1153	8497
	1148	953	2990
	582	615	6794
	822	22	1868
	1366	1191	9888
	271	901	5172
	1361	177	6787
	1623	1285	2131
	1376	1742	7227
	1892	526	2975
	132	364	3926
	1605	879	4947
	1039	585	5064
	1138	1844	6300
	416	215	6247
	1317	1091	8276
	1920	120	2394
	716	497	4954
	1823	1758	1261
	2000	197	7399
	212	295	2953
	844	371	5421
	332	1631	5117
	1418	1093	5961
	247	541	9320
	144	252	511
	1354	1519	4014
	1414	1049	2853
	1592	1823	3703
	1672	498	1772
	852	282	2925
	235	1732	3488
	1745	1097	5724
	1138	1059	3632
	1378	1918	4292
	339	310	9878
	1043	736	8890
	827	1673	2642
	1194	924	5991
	874	1700	673
	672	878	2579
	40	1236	5332
	1930	1423	7054
	1256	840	7312
	207	1352	7345
	652	1847	1397
	410	646	210
	1762	314	4510
	404	472	7370
	352	1945	6925
	1732	1970	8242
	585	1789	7386
	272	826	6731
	526	758	3565
	963	56	1629
	1520	1451	1130
	1490	827	4666
	1171	1856	739
	1977	292	2033
	1175	1161	4609
	345	1896	170
	1174	835	5761
	1917	1639	593
	1841	454	6495
	838	512	2695
	1433	1056	5903
	1470	69	7104
	576	575	7832
	705	989	5531
	963	517	5676
	688	796	7277
	142	341	2238
	552	1787	7541
	332	1603	4132
	1756	1924	8504
	1238	1646	604
	1857	148	5698
	1550	177	4480
	418	650	3454
	460	1297	2987
	997	1186	3175
	124	1074	3426
	1047	111	8373
	477	399	3837
	815	1563	2491
	1587	1019	7215
	1699	661	1390
	518	1342	2803
	1150	369	7714
	622	1710	6572
	306	1071	418
	371	835	2150
	621	927	1679
	1590	1423	5021
	487	1490	9018
	1178	977	5361
	596	914	3247
	667	1977	8242
	207	864	8088
	581	1107	3407
	1407	823	4492
	678	795	5010
	1047	1382	274
	1901	545	5700
	667	1735	9302
	134	760	3806
	1020	647	6311
	203	1779	632
	1757	1043	4782
	569	1734	9048
	896	1170	4826
	1548	1042	2879
	226	15	8806
	972	1812	1441
	164	297	6729
	1376	784	1991
	930	972	9900
	947	307	7394
	782	752	3317
	1432	913	8538
	1147	272	5882
	1652	819	5121
	187	471	9033
	1932	1313	9183
	498	1619	9117
	1849	1058	3716
	1828	309	4003
	1138	1131	2176
	1467	996	3034
	171	729	6376
	905	1191	6866
	329	1557	1150
	973	1552	518
	1258	50	5487
	671	173	9662
	244	1851	8825
	1011	879	6951
	1108	583	8792
	176	494	7420
	1029	1513	9783
	1718	187	833
	1540	1019	585
	147	76	4542
	1865	678	4926
	592	68	8324
	1952	558	4324
	1421	869	7092
	1904	1847	6548
	1367	169	7830
	1739	1782	2113
	1838	1038	4527
	578	26	2544
	373	654	2416
	1566	1780	4245
	1819	1523	8082
	1291	1494	1334
	1128	180	3737
	746	1339	8078
	427	1787	146
	1371	456	4011
	484	1043	2179
	137	1570	7932
	1580	1383	7019
	1335	822	7916
	530	1979	9281
	1073	1056	9121
	908	211	4789
	1518	730	4280
	251	1819	8630
	1146	124	3431
	1691	1686	9664
	701	742	5161
	796	734	3007
	1653	284	5174
	1418	1653	1709
	83	1824	865
	963	400	7756
	589	470	5969
	806	1202	3954
	1683	1284	3013
	507	1773	527
	1745	1439	5948
	674	1536	1285
	1999	38	5233
	1609	1702	3162
	1757	818	2892
	1318	1702	6785
	270	324	8744
	533	1715	5427
	373	576	6249
	1873	63	9917
	1994	1836	5363
	1017	1306	8152
	1997	167	9313
	176	1393	7787
	1840	1289	6248
	348	599	5427
	1655	1608	2989
	539	230	2922
	66	1280	3523
	1630	1642	974
	269	73	8800
	217	1797	7074
	1466	854	405
	1654	495	5288
	525	233	1430
	784	941	2999
	1922	1169	2512
	881	1747	4534
	1185	1019	5694
	1943	1986	3574
	391	233	98
	1061	233	5509
	437	1627	9308
	404	788	7294
	889	794	132
	1445	667	7287
	1105	1134	2115
	72	1734	1280
	1245	239	2137
	1397	468	8674
	974	447	8015
	28	1501	2995
	281	402	2536
	515	1673	5180
	710	1207	3891
	741	1559	6170
	1694	1581	7335
	469	1920	9075
	1868	1504	3325
	952	422	8948
	256	621	6853
	685	1232	1712
	696	939	4713
	234	918	6240
	1716	1783	3662
	374	182	8219
	608	1894	4799
	420	954	9705
	1017	1334	8580
	1389	1718	1113
	664	1171	7813
	623	566	9261
	1792	301	7985
	501	162	3666
	601	12	7102
	937	1886	4115
	1928	1553	166
	1824	894	4492
	1884	1062	4070
	90	1134	2664
	15	1453	2424
	566	973	1793
	912	335	8551
	1394	1385	2124
	440	1216	6640
	1485	1898	8891
	1844	407	921
	537	711	4992
	313	1147	4537
	232	689	5132
	419	15	9530
	1204	1556	4057
	277	38	3037
	1130	992	878
	1805	1935	8426
	784	341	3457
	19	1600	7393
	330	1111	6079
	516	788	3018
	497	1330	8136
	1458	540	3090
	644	1771	3768
	717	395	9021
	275	392	9536
	1269	622	8131
	995	1593	3257
	1774	901	4452
	1287	144	9426
	1973	913	7839
	1371	80	2730
	1982	976	8
	292	1955	4817
	1413	347	6727
	1097	1164	6981
	1759	1970	7763
	1253	237	199
	663	1513	4072
	728	472	8490
	932	1502	8391
	890	372	8141
	1769	1468	9631
	1929	23	2269
	165	110	3371
	220	1618	6721
	299	873	220
	526	472	8556
	631	1441	8464
	210	1495	5486
	585	909	2048
	589	1005	7881
	347	1486	9675
	995	1322	9471
	1936	610	5573
	1441	1305	4664
	489	1794	8945
	1304	1039	1607
	790	46	8279
	919	1678	272
	100	1240	682
	1034	831	6718
	947	1774	6354
	218	1342	474
	327	1136	8133
	957	1101	9480
	1450	1275	2905
	1123	1609	7588
	1905	1115	3821
	1923	312	717
	226	1192	3389
	401	1040	5746
	701	1157	9185
	1981	948	8043
	314	386	5096
	1182	843	2399
	651	769	376
	1937	1462	6977
	1886	979	7032
	1532	139	9393
	432	712	8571
	1070	623	9128
	597	459	2099
	1115	2	1763
	785	1585	7924
	1870	150	9364
	1418	327	7515
	1871	1500	7677
	520	305	8672
	1452	618	2724
	481	740	5274
	1833	1330	7503
	1191	348	8420
	1958	1563	8042
	1507	1716	8926
	1251	30	1038
	1253	709	1362
	1773	14	9401
	1023	27	8571
	347	1578	2201
	1367	1330	4919
	1065	96	6925
	1988	1394	2190
	1071	62	4433
	941	165	1644
	1827	1512	5882
	1980	910	3422
	805	950	2268
	1643	844	7927
	422	1486	2820
	1941	1249	5275
	1124	1231	4520
	650	728	9257
	709	1935	2110
	888	178	5786
	409	767	6983
	330	1278	7794
	995	1760	7949
	848	1955	1281
	547	799	5250
	1235	746	3152
	1823	21	7222
	800	609	7729
	1538	1927	4828
	587	939	8074
	475	1525	7004
	576	1196	2922
	1852	1166	7773
	896	1567	4825
	1248	734	886
	235	610	580
	237	16	1662
	959	857	403
	1921	320	3863
	433	1135	4284
	1050	1390	9539
	1949	146	2309
	595	1907	1488
	1180	465	2648
	492	113	7919
	990	1008	1292
	1952	297	4691
	378	120	4388
	478	183	9710
	1698	884	5715
	1312	39	995
	21	1090	2647
	1024	1351	646
	1617	364	8500
	1964	1751	377
	228	1897	1486
	462	1311	72
	1870	1029	915
	782	830	3827
	377	49	3151
	1281	1261	4476
	660	1246	8098
	208	1985	9891
	686	1582	5046
	411	392	4839
	1896	1327	387
	825	1930	3437
	1090	902	736
	1330	1733	7766
	490	18	2214
	1843	109	2777
	1247	1473	6344
	1429	1888	5346
	244	84	6865
	136	1247	5673
	1929	1041	5662
	1822	1048	1671
	1297	1903	2841
	636	1989	5894
	707	1305	168
	256	1971	3775
	199	1133	3838
	412	1498	6780
	478	1307	837
	1612	1134	2719
	935	307	3976
	1981	1020	4710
	1175	1957	7539
	1433	830	6536
	1233	1864	8821
	261	1829	2450
	21	704	681
	1878	1132	2567
	860	577	2036
	426	1783	1291
	1790	199	4021
	799	1226	5991
	1284	1793	9330
	984	1723	9124
	776	83	4920
	1835	1756	1588
	1031	767	1377
	1182	1861	6881
	1822	670	6534
	674	1328	5158
	1449	238	9759
	603	1528	5372
	717	1892	1849
	76	1132	4068
	135	805	6869
	1898	712	5214
	4	1827	2780
	1078	577	8124
	1304	574	8977
	273	1862	6567
	1771	104	4498
	1969	1760	9881
	1354	376	2677
	533	197	8650
	1602	1666	6533
	605	1336	4430
	374	1751	9955
	559	1271	3714
	671	489	2114
	1907	231	9510
	1053	1517	1552
	1790	144	1284
	1814	1760	5970
	37	1566	474
	1998	492	6760
	1155	1839	8618
	1130	1869	7672
	1287	599	6799
	813	800	7638
	832	439	4058
	1710	877	5647
	1859	341	4082
	1810	787	8508
	1478	941	4399
	583	75	5134
	1142	478	857
	688	905	4744
	503	712	985
	1534	1096	4641
	1093	667	7882
	1094	1424	820
	1521	1924	1159
	294	1468	1919
	378	517	5348
	974	905	3319
	459	1194	744
	1118	1826	413
	791	1568	2639
	1978	486	7648
	1873	644	2302
	961	1102	1215
	1176	1687	7292
	1307	959	6455
	555	287	4316
	975	1214	9152
	42	358	3196
	190	310	9119
	1884	34	4673
	428	639	4586
	176	480	1430
	322	1698	8517
	123	1586	6663
	1701	986	6747
	566	479	9485
	1210	738	3736
	1597	1403	651
	1375	1577	842
	847	1216	5700
	1133	443	9592
	505	237	6857
	1569	11	8791
	369	942	205
	1014	62	4725
	597	14	2403
	1718	660	4961
	377	1984	7880
	1169	1814	1311
	1482	343	6261
	1290	1886	3105
	616	663	9040
	414	1538	8886
	366	1403	3979
	1216	838	3671
	1914	165	6578
	93	193	226
	671	702	2138
	931	773	8878
	850	335	9393
	717	1981	1305
	1683	1576	5166
	1183	1500	4544
	188	520	9112
	275	628	7229
	327	1111	2090
	1112	467	8358
	1225	212	7413
	1553	935	9247
	923	914	8909
	391	728	9867
	1138	1617	8065
	1073	250	892
	848	414	4855
	1017	1101	6608
	914	1493	3003
	1163	1830	7250
	1057	319	9756
	757	1028	402
	155	292	1977
	616	1884	7995
	1180	1790	5749
	1341	1729	8076
	1236	1001	7515
	556	1451	1061
	342	1344	1520
	1509	620	974
	1428	1049	2184
	1160	459	3114
	1775	1163	354
	344	982	7777
	1754	1682	5879
	518	1188	196
	1320	128	705
	1914	1884	4911
	745	543	574
	173	30	6365
	334	1855	6781
	1326	5	9616
	1881	850	8909
	1959	1299	256
	1602	1727	2949
	614	1825	802
	207	1365	492
	993	955	3974
	705	1243	7509
	1950	1277	6166
	1628	1999	1839
	251	529	6122
	1822	1851	3929
	1335	1948	4159
	380	1002	538
	553	1372	8285
	1734	1438	2147
	1307	871	8779
	1105	772	8319
	1341	1200	8911
	775	491	221
	635	834	8428
	657	565	9693
	1635	1938	388
	641	1497	6493
	1963	1756	2863
	958	1608	8050
	1238	1808	4677
	903	953	1763
	1934	731	1314
	1461	267	3097
	543	1383	4768
	67	1078	2501
	818	674	3290
	178	197	9004
	560	1525	1062
	250	211	1547
	1840	1158	3118
	686	1496	3563
	527	988	1969
	1229	1446	9081
	606	63	9321
	272	1748	8577
	170	1111	5939
	478	434	2826
	495	1520	1823
	591	1445	9054
	34	1766	3700
	1134	1164	4476
	1705	222	2636
	1750	702	5484
	429	1772	4511
	1172	792	1398
	147	1691	5179
	1383	16	887
	1202	467	2554
	1998	535	130
	382	283	9172
	387	1049	7193
	1539	97	60
	1703	818	5933
	1597	299	9473
	19	1602	3087
	1116	467	7829
	1127	237	3448
	169	1046	7688
	1738	338	2164
	911	488	6800
	305	1622	1776
	608	361	9647
	1581	1716	8652
	5	1821	2777
	915	858	7507
	960	817	1736
	1329	408	818
	183	1127	7853
	1146	1211	4725
	424	1154	4794
	746	1937	444
	10	1735	5165
	1111	1675	9502
	1741	1552	1797
	339	1418	7904
	82	821	4831
	196	1341	2208
	1359	1046	1238
	165	266	616
	522	717	9211
	1516	595	529
	854	174	9432
	1296	924	3484
	138	754	6265
	20	1958	2861
	1090	408	3404
	1182	440	9355
	1260	1608	3377
	1830	452	6131
	57	1439	58
	947	22	2221
	832	342	620
	669	573	6615
	779	1061	4445
	377	127	155
	1245	1258	3789
	937	1737	5200
	1981	1558	1049
	460	830	691
	1077	465	2247
	10	1149	8089
	1907	1438	4736
	310	1780	393
	1753	4	6139
	1074	377	8075
	1630	322	7601
	368	1344	748
	1293	42	3843
	1502	352	5928
	1757	1782	9444
	1977	1114	1999
	436	1220	6136
	1336	1297	3586
	1192	161	2931
	815	1449	3325
	1063	1291	6177
	1044	1201	5113
	1608	1656	3903
	1952	1498	6111
	1933	845	4632
	996	390	2627
	114	1740	6343
	1701	1777	5433
	1410	266	8328
	163	927	5365
	1469	1089	1693
	1004	1800	4411
	1673	1505	7895
	1751	476	6958
	940	332	1224
	279	1090	6891
	1808	1779	2578
	668	582	2829
	81	292	5104
	651	656	3445
	724	1466	3781
	954	579	7638
	1384	404	1176
	1501	1172	8756
	1044	255	1230
	165	302	4561
	476	789	4694
	263	1233	774
	1986	179	6198
	1879	188	2806
	1285	1941	1565
	1379	966	9185
	131	240	5387
	390	879	4265
	1647	305	3161
	1288	22	3477
	264	446	5797
	1469	1759	3782
	948	1106	8473
	1240	1704	1846
	926	521	1754
	130	1600	2971
	848	1113	1168
	1098	1949	196
	63	542	8272
	1930	1284	2097
	975	373	1198
	1063	1374	8393
	1443	1779	951
	1164	35	8263
	667	733	4879
	1298	793	1249
	1870	1669	9776
	1334	1659	2571
	1651	1469	3356
	1984	1816	545
	1762	389	8509
	827	1837	3513
	476	1205	4198
	579	112	352
	265	248	7901
	1106	387	1145
	807	160	6524
	904	385	4882
	1028	1498	7095
	1428	476	101
	327	511	2471
	599	179	1940
	1373	1052	3085
	746	1144	3202
	622	899	9846
	220	1351	2112
	1550	669	3833
	799	788	9623
	551	1763	3266
	1105	1669	6940
	1383	986	3212
	434	7	5983
	638	1099	4557
	1506	483	5929
	1031	1167	9484
	168	133	2302
	1518	1155	2075
	1450	1439	3237
	1294	1572	6278
	1712	1505	9153
	1840	1718	4579
	1713	952	8869
	18	1181	9315
	1188	1666	2825
	1080	1035	5498
	907	25	4093
	1852	453	5845
	768	865	6430
	419	451	5844
	623	1431	3631
	1243	582	8622
	698	81	5063
	1720	1822	80
	1767	1740	2087
	1417	566	9165
	52	325	2
	1157	572	1184
	549	1292	1032
	658	1637	5890
	1062	1119	1399
	274	1882	8192
	1583	907	5728
	1403	491	1623
	119	172	7655
	1688	181	7840
	59	1365	5099
	513	1380	8966
	303	1638	946
	1849	983	9564
	1534	737	383
	328	1185	2771
	1124	101	2324
	1752	1114	2731
	1935	129	4614
	836	1133	7392
	1495	654	136
	675	1437	711
	1092	618	6474
	1946	1065	6665
	1629	1166	6831
	555	1197	4316
	1364	1817	9876
	211	231	8354
	1133	164	6669
	1615	1312	2149
	109	764	3526
	719	1683	1885
	1266	1962	7910
	155	1645	8408
	439	173	3481
	1848	1715	5719
	1962	1323	7491
	1487	96	1545
	572	841	1692
	1312	624	777
	211	291	2970
	301	221	7657
	325	1979	5621
	490	1658	7688
	409	772	3446
	85	859	3113
	357	198	7714
	1200	832	751
	1316	830	4868
	965	424	9777
	1578	681	2823
	580	113	9366
	1590	1296	2827
	1421	1637	4973
	673	945	7136
	1707	1952	2686
	959	44	8704
	163	1361	1538
	384	642	8745
	1032	1161	9297
	1776	1018	1999
	1293	1054	5375
	373	1361	2603
	1761	1630	853
	1482	1065	1836
	131	1709	3617
	332	1725	4154
	151	859	2508
	723	736	3098
	709	989	3752
	858	1749	3503
	217	1696	2703
	1023	1662	876
	723	574	1453
	1249	1262	1814
	1298	479	38
	307	1984	1706
	1457	582	762
	1833	995	5689
	1104	545	7832
	1696	421	2086
	1900	1769	8897
	234	1986	3306
	1801	1774	4523
	294	1180	2406
	1131	137	3854
	398	1422	4849
	1112	1590	6391
	267	113	3617
	1089	1818	1417
	707	959	8827
	1639	983	3875
	160	537	6304
	15	661	7809
	1384	1640	2205
	1917	834	1515
	1199	647	2498
	1618	225	8503
	1621	1087	2060
	1102	1845	7004
	149	1585	416
	1967	1395	2067
	1864	48	1967
	466	1067	1268
	1765	368	4101
	1124	328	5486
	773	140	8613
	775	1798	3975
	817	760	3443
	1446	685	3903
	1916	1875	7998
	449	1813	8458
	1869	99	8589
	1376	1524	2088
	352	812	9576
	811	375	3840
	1866	983	6685
	1611	1176	2981
	1521	78	6973
	1897	1019	1342
	43	542	7332
	1191	345	3174
	1357	689	6110
	108	1955	6854
	1651	693	9761
	547	1135	6432
	1103	1058	5640
	814	263	4691
	1131	1770	1913
	955	1520	6433
	1462	733	6388
	1469	1615	8577
	598	763	2198
	307	1274	3514
	1734	152	1263
	84	1288	423
	1937	954	5645
	1210	1548	8135
	1062	1765	7909
	127	646	4652
	401	1350	5583
	1235	1927	8897
	1605	1713	7565
	1573	231	6546
	516	1068	3313
	223	852	2065
	900	1102	9272
	1951	463	7834
	714	1268	7105
	1109	973	9400
	1340	1987	2115
	6	1667	8024
	246	552	334
	819	1108	3203
	973	183	7850
	1780	448	5028
	1357	17	8846
	1764	1337	9837
	1346	1826	380
	1364	1346	9904
	1754	854	7714
	1597	1324	8166
	1039	411	9407
	380	1950	5564
	1318	358	348
	1336	961	9307
	1962	157	1605
	1527	165	2528
	910	1863	8928
	590	1243	8318
	1405	1262	1259
	924	1703	1614
	780	343	2352
	1349	1410	1654
	42	1744	3912
	15	1131	6414
	735	1496	5969
	992	836	1468
	1180	775	7411
	776	581	7357
	998	1902	6997
	712	579	8804
	662	945	5736
	1074	401	4149
	955	1677	8254
	1863	147	5176
	231	1002	3808
	330	1885	2331
	1661	1468	1427
	106	80	3910
	665	109	6582
	404	135	9972
	1401	187	7686
	598	1420	8075
	1348	1553	2646
	1009	1603	7782
	1574	1242	1215
	1581	1614	1903
	332	839	2372
	673	773	737
	1614	794	4613
	1858	1368	6611
	920	1002	1807
	740	186	9793
	1474	448	2446
	63	471	5409
	840	1552	2895
	890	634	8369
	303	1633	1725
	1463	649	8017
	58	1096	8341
	461	1981	8624
	691	756	7940
	1797	286	5267
	438	1431	7248
	557	847	4099
	653	656	9274
	928	1564	8170
	285	701	3898
	1507	84	1087
	916	769	1792
	1661	1963	6602
	1986	1742	1349
	704	1974	7095
	498	1862	5157
	1828	568	41
	1873	1233	7913
	641	564	791
	1097	1923	5243
	1119	1626	3805
	278	874	2263
	367	318	7354
	1900	248	9958
	1610	466	7360
	175	839	5452
	1870	1568	1188
	788	658	3223
	820	1087	9535
	511	1040	9928
	31	277	9332
	780	1280	4788
	799	1508	8199
	12	710	3466
	507	262	8051
	966	1518	2847
	1322	1162	4802
	244	1218	4448
	303	1831	3973
	958	237	5646
	1374	1301	3550
	1216	1282	1725
	1674	124	5863
	887	1867	5263
	1083	1234	6817
	1011	1347	4492
	232	1350	1194
	142	1655	6331
	1483	237	9646
	592	266	719
	1569	108	9395
	1466	923	1517
	889	410	559
	1331	47	550
	214	1291	1303
	799	402	5922
	1218	1590	2450
	908	1758	1172
	526	1877	255
	1533	1699	6365
	1539	784	300
	714	457	5756
	1383	417	3600
	999	1772	1970
	412	1224	5602
	1813	1950	4605
	894	246	6427
	1405	1754	2357
	233	154	7851
	633	1669	8229
	1859	1089	4057
	1647	1354	3839
	1223	1202	4351
	987	350	2340
	823	972	7189
	1216	424	6813
	1841	1615	6866
	1258	63	8803
	148	1759	7186
	540	1397	8352
	480	523	3450
	1495	1839	6003
	1954	1433	8673
	1360	754	4110
	1521	513	3175
	1194	1429	352
	1660	1248	2264
	195	302	3597
	486	1811	7377
	1655	1087	7092
	884	1666	2829
	351	403	5598
	1961	810	2745
	602	1931	7405
	1450	289	2245
	1697	864	7077
	1297	1426	7472
	1961	1135	4652
	1585	939	2256
	85	5	2123
	1547	448	5715
	1738	641	2799
	927	1226	6997
	1457	647	576
	370	1359	452
	1504	1465	5659
	560	669	598
	1886	202	2466
	1644	392	351
	1931	1069	7734
	1471	1404	2034
	1493	404	2353
	305	71	1008
	1079	1387	5419
	879	565	9261
	517	1106	968
	442	168	4377
	297	747	1041
	1168	250	9858
	102	118	2835
	1321	428	3905
	1289	846	8040
	1295	1172	6575
	1027	222	4126
	765	1643	6177
	1177	237	4181
	1832	1691	7447
	1311	47	1598
	186	262	8827
	1737	1851	8710
	1668	1395	279
	1727	1232	2948
	81	1729	1294
	397	634	3400
	1651	84	6667
	1950	78	3749
	1333	1980	5638
	616	171	970
	941	1210	5143
	1359	1224	4784
	821	917	6471
	842	1424	3600
	1643	1270	5658
	507	616	1468
	1564	762	9869
	1958	1595	8686
	1411	1348	7073
	407	101	5760
	779	1054	3963
	1085	842	6605
	1876	555	8483
	396	73	7695
	1731	1861	3751
	1234	1303	413
	446	1475	3874
	1465	1049	8992
	752	1538	8484
	287	241	5050
	362	178	4746
	1125	1103	2454
	1263	977	7529
	1335	420	9630
	1907	1225	2322
	879	984	8131
	873	1751	6831
	1160	699	4146
	222	760	7085
	1812	855	1759
	854	793	2923
	67	697	2944
	1851	955	4334
	1171	1309	8401
	679	1510	8147
	347	1881	3606
	1378	1771	9634
	266	225	9683
	1320	1451	2375
	1099	668	8861
	1032	1363	4880
	834	623	8233
	806	713	6727
	247	375	4621
	905	1500	3305
	94	734	7233
	1639	1633	2297
	1159	1729	8176
	844	1914	4378
	1676	1404	944
	1722	1678	2777
	748	621	4193
	1201	1205	2044
	1063	119	3004
	1692	613	501
	1281	1970	4453
	1213	439	5413
	1124	837	8367
	300	1503	1319
	1894	1484	362
	1030	1585	4886
	232	920	8419
	967	1978	3101
	37	365	7251
	163	1982	7854
	1752	1688	3712
	46	21	7273
	1481	338	8993
	123	930	3024
	256	1623	1579
	401	1618	3467
	826	1768	3577
	332	1085	2184
	390	369	9670
	1761	724	9814
	1780	1584	5089
	341	1849	4530
	1228	687	7653
	1558	1703	4888
	435	941	1620
	401	1293	7527
	901	924	983
	902	367	977
	1864	602	5318
	1472	999	4038
	188	674	2149
	1204	1446	1896
	1806	1050	1473
	70	1328	7092
	1034	299	1637
	371	1363	3309
	1452	206	2963
	1261	602	6034
	1287	284	2790
	187	1353	4827
	1239	103	6807
	264	1018	3809
	427	358	8540
	1700	715	8385
	21	962	3636
	508	1326	3033
	1535	1113	408
	1492	1456	4847
	1777	375	4040
	495	1218	7424
	389	593	9676
	834	328	3762
	1710	992	3087
	1650	417	3446
	1161	1646	3501
	447	849	8250
	1096	1897	8079
	1992	1364	9246
	689	1333	6356
	1872	1018	1054
	1693	1496	9296
	54	1296	4959
	1448	16	1455
	1250	132	7616
	537	448	250
	1720	1547	622
	1632	515	8883
	231	531	535
	940	41	2027
	1295	1361	4738
	216	657	2856
	769	337	5472
	695	471	5484
	1713	386	7233
	1222	1484	6575
	1179	887	194
	310	738	4551
	527	447	7541
	8	411	205
	1533	1359	6486
	1420	822	4138
	1190	1700	5340
	1171	1628	1641
	1269	1397	5454
	921	901	9639
	1991	530	9387
	1496	1315	4296
	1079	896	4358
	771	1671	3498
	955	1078	6802
	113	1760	3218
	744	562	7936
	1186	1593	8153
	467	301	4661
	1984	514	4718
	1083	1868	804
	470	1103	8188
	1927	1285	206
	1013	107	3828
	1133	874	6236
	1802	1157	911
	1161	1307	6709
	454	263	4711
	884	1428	6286
	1667	1966	5551
	375	1380	4913
	215	479	9914
	883	433	145
	908	1618	833
	95	1958	6158
	880	732	6803
	1516	1068	6714
	1085	1709	5542
	1793	1876	9647
	1058	1767	9688
	941	518	6220
	505	1076	1348
	1553	1425	998
	1020	112	747
	437	328	9440
	1954	1807	2971
	1121	1248	8151
	72	1275	6292
	1792	168	9371
	270	1654	7793
	1621	1557	4043
	589	1624	423
	675	799	3033
	750	1345	8128
	1996	31	6957
	1759	507	4844
	1486	1141	6747
	678	150	5675
	607	116	8582
	1117	1139	3938
	1645	1893	795
	1597	1774	9481
	442	504	5184
	448	793	7149
	1100	1689	4259
	953	1004	1056
	54	1321	9865
	431	1585	3225
	1	312	7108
	1235	1607	6044
	542	1469	5283
	1997	967	8504
	1621	939	9940
	542	536	106
	1137	1734	12
	302	1356	9882
	1405	1665	4808
	1545	1220	4374
	275	660	6148
	387	1102	8049
	1739	638	341
	508	2000	5704
	1778	984	573
	90	925	5465
	1339	108	4181
	555	445	4058
	1	1813	1917
	223	616	1435
	396	1510	1075
	395	1597	3198
	1799	1022	9403
	1808	1711	2671
	215	762	3136
	817	774	898
	1689	274	9241
	1597	937	8585
	75	412	1379
	496	1947	4326
	1176	362	4157
	557	1185	2785
	1623	30	1506
	1219	332	6704
	166	1896	8184
	97	1529	5850
	697	698	7065
	221	652	5816
	1882	1771	4416
	629	1867	571
	826	897	6606
	95	260	9992
	1865	1212	579
	529	418	7437
	1678	1986	8541
	1411	173	8194
	1360	1603	8534
	1798	1174	3367
	893	1177	877
	1872	1289	8364
	1266	1080	5626
	58	351	5494
	1283	133	1982
	1008	1611	8914
	243	1990	4317
	616	1024	9393
	179	1134	8254
	529	639	1977
	1318	1237	6325
	1072	1299	1397
	1452	1463	4505
	1628	1848	3551
	1100	917	2869
	1119	1931	5639
	1450	868	1904
	1818	423	7766
	715	1202	2108
	1772	1846	6677
	1131	746	4038
	1539	259	9053
	113	641	4719
	1883	740	7705
	822	1711	5035
	143	60	306
	1249	581	9434
	277	1478	1313
	1595	1570	5863
	493	984	5653
	22	1146	3708
	884	1870	7249
	1861	1000	2176
	747	1214	7438
	1475	1438	1381
	1110	979	4648
	389	975	8135
	262	1367	5063
	88	940	4827
	43	1168	4674
	1366	184	8563
	1538	1343	3701
	159	1614	9766
	269	58	4934
	1854	93	1248
	1854	44	5584
	314	532	804
	606	31	3537
	1643	1388	8202
	1724	671	7205
	378	526	2221
	413	1053	3686
	1676	489	6576
	1626	600	3571
	1187	1676	6177
	1375	527	5787
	143	1098	1152
	205	337	3446
	1327	744	7545
	1877	698	9731
	667	757	8376
	1650	1432	8126
	1883	1113	5295
	1545	1052	9410
	1903	559	6879
	1315	1707	3959
	1573	435	2721
	530	1129	6682
	1642	1922	8226
	374	1588	1624
	224	1521	1742
	1182	988	9893
	1867	1364	549
	1835	1010	4304
	912	1208	1257
	989	934	2554
	1452	322	2106
	461	1889	9211
	82	898	1999
	706	1608	4630
	1504	529	670
	588	1636	8193
	1130	1819	7666
	1222	827	6941
	1756	263	305
	1410	1233	8774
	1893	106	6759
	206	1982	1041
	1113	1708	8713
	245	1768	8798
	622	858	2111
	166	1968	2493
	121	1879	5286
	1925	48	8048
	1001	1392	6012
	1688	1708	8652
	1298	1992	7
	1796	65	6891
	918	1787	3737
	849	1034	7961
	1590	881	5835
	1731	1161	896
	1565	397	4560
	1702	238	6796
	293	1456	9281
	206	135	6384
	187	214	7694
	126	1557	7533
	1341	544	35
	487	1244	6500
	433	1787	4481
	470	1002	5814
	46	633	8669
	1209	563	9815
	586	1033	1546
	1857	1324	4616
	1434	646	4144
	498	788	3010
	713	1051	6310
	786	985	1865
	1157	742	7700
	1739	1338	436
	1636	642	8439
	231	1099	6184
	331	77	2910
	1538	1618	487
	964	751	8837
	1462	1658	7429
	1783	706	3944
	1406	1107	3538
	691	266	1159
	1017	1315	6013
	802	1649	9694
	1689	1196	5142
	639	465	1930
	458	1870	5009
	1821	1975	9400
	882	562	3285
	1804	1431	3983
	1721	471	3458
	1591	1902	2586
	503	655	50
	1589	1709	1972
	920	1033	8503
	713	1794	9056
	1588	1927	9763
	1579	1740	3309
	1023	138	7624
	1682	207	675
	1355	445	4584
	1640	605	9962
	984	521	1349
	74	1585	8876
	873	503	7638
	1552	397	8719
	177	649	9541
	526	1359	3107
	1618	789	9539
	1947	1126	5775
	1469	1526	7927
	1109	1195	3999
	1296	632	6762
	997	338	7575
	1688	185	2601
	27	1783	9366
	414	1505	9568
	1006	339	4629
	1603	439	2273
	136	105	9353
	1904	1910	3838
	1995	513	9586
	1457	995	1485
	1336	992	4153
	1907	1643	8326
	1040	1096	4230
	1919	1520	9974
	1337	506	3121
	1738	953	7021
	1815	815	1593
	1698	1051	5713
	1002	1648	4191
	1407	1939	1552
	1361	1803	7665
	1088	205	2323
	1826	1463	6919
	370	621	837
	577	1017	713
	101	491	1109
	282	1687	8174
	1674	882	9671
	662	178	4547
	1217	521	8220
	739	1885	5659
	1911	1150	1247
	170	1575	4333
	160	753	5146
	1582	53	2973
	1057	958	1123
	1937	562	9109
	156	1637	1152
	1219	1886	4670
	1831	1963	392
	81	1551	5645
	892	29	4705
	233	648	8772
	74	1144	9154
	1951	823	4168
	1385	132	8680
	1992	188	5389
	119	140	4436
	1097	536	2978
	1412	1021	8070
	1966	1468	2986
	860	722	4771
	1227	1306	5436
	1142	1671	8367
	936	266	2369
	424	62	5598
	1037	924	5023
	1704	566	1774
	1990	1345	179
	1443	1182	8689
	1007	1387	7661
	1424	269	4744
	622	1046	5926
	1229	1238	6328
	1084	319	4802
	1389	572	2461
	733	1732	9907
	248	94	2494
	1416	1259	7576
	805	620	7299
	867	1099	2233
	1879	1858	4111
	742	441	5548
	1686	806	9572
	1799	637	698
	1432	597	8449
	271	1329	1571
	631	1939	2932
	186	1883	4628
	689	412	5225
	1973	1238	9683
	871	876	2968
	332	932	7616
	355	541	3272
	1827	1585	6112
	89	1769	9868
	1577	1283	8043
	1493	930	7113
	1341	1154	6260
	218	33	5276
	936	1164	4500
	477	1984	6929
	1781	1797	8549
	931	1971	3246
	26	783	2642
	830	507	238
	67	1721	25
	1791	552	5837
	1683	585	3502
	109	90	7791
	537	1465	7796
	130	993	6521
	184	207	100
	1069	454	6858
	1706	908	6254
	1111	301	4000
	688	845	3726
	657	786	9384
	1614	444	8928
	636	1302	7711
	1342	1662	2853
	129	1994	4550
	1109	173	6285
	406	414	2602
	1578	1680	6998
	1891	68	5802
	1717	1332	4616
	1274	177	5748
	672	1193	8660
	500	114	4319
	852	271	4938
	749	1109	3284
	837	93	9185
	1996	1544	7249
	434	1396	7179
	555	804	1458
	1006	1040	4584
	1474	1042	4492
	1770	1261	2725
	1572	1467	2313
	988	78	3371
	1322	1914	4623
	1521	1510	7237
	682	1328	9621
	1911	989	227
	1811	1135	9990
	107	1211	9092
	1138	1385	9694
	1089	1131	2368
	765	1866	1835
	1099	1491	1764
	681	1306	1886
	228	111	1912
	537	1403	2837
	519	1899	4793
	963	869	2174
	468	589	8898
	1950	34	2124
	742	707	9484
	22	1059	9717
	1630	1953	6207
	1550	1466	9948
	812	932	6281
	1121	1472	1265
	379	1737	3337
	419	1614	2851
	1477	1291	6624
	1687	1672	5714
	485	941	7548
	1136	1478	3241
	1691	1806	3253
	1113	6	6879
	263	1639	1210
	6	1295	3844
	1176	891	6436
	484	1772	6827
	340	648	145
	1893	1143	5788
	1637	1501	3511
	1503	1791	4874
	649	1146	2894
	1633	1759	2058
	1361	1736	7512
	1279	1614	865
	1814	147	8585
	1301	324	3013
	826	1956	9315
	475	943	7987
	681	776	5962
	1294	1274	4844
	1065	1534	8397
	945	643	5639
	1588	1161	973
	1977	450	4196
	1107	1397	6215
	182	1652	4637
	1357	1932	6406
	1314	117	6958
	1402	1706	6547
	1146	1040	4291
	548	956	1677
	753	134	2555
	1091	234	2691
	209	596	8207
	1153	979	2589
	1231	1010	3602
	160	495	2598
	1974	605	6523
	489	1746	7148
	1540	1535	7237
	670	1120	1601
	1755	686	1523
	1733	847	8916
	1530	10	2063
	1083	1910	7400
	554	1384	2611
	513	1733	9468
	128	613	2987
	1010	1257	853
	1502	1811	354
	1595	640	3848
	823	1661	3247
	1452	1314	8037
	577	1016	8398
	563	1385	8745
	1988	1623	2567
	1969	1561	4875
	633	449	2115
	1972	648	8043
	839	1213	6734
	381	1831	654
	27	1273	7207
	1161	894	6701
	1084	1362	1531
	1507	845	7385
	1702	1182	6843
	913	1782	1970
	1833	1777	8010
	859	94	1359
	706	1779	8774
	484	792	2917
	1534	548	2273
	568	1835	3740
	103	1014	769
	1453	1602	557
	131	1795	9893
	216	325	3315
	1359	1052	9806
	1430	1490	3039
	998	1008	5408
	639	650	7774
	1710	1073	4877
	1702	693	3670
	542	1565	3545
	1832	863	5279
	216	99	4929
	1814	1319	7647
	1102	629	1188
	932	1365	2600
	1221	1129	5617
	1323	649	4698
	1995	155	2390
	1465	1253	4577
	1725	351	2797
	1306	1023	1289
	128	577	1915
	1502	1807	5065
	1971	112	167
	1925	1395	6809
	983	1454	4835
	1085	194	9193
	296	678	2509
	1053	1892	3556
	92	80	3776
	1037	1732	2056
	1832	1586	1836
	1991	1894	6331
	1161	1003	7667
	850	712	4798
	531	735	6059
	1877	1276	9867
	1602	699	1807
	554	393	7533
	1279	777	3335
	827	1328	7339
	817	1402	8061
	49	976	8630
	549	771	3515
	491	455	2793
	47	42	3743
	1220	1119	4284
	1184	93	3839
	1027	1785	5929
	1634	1321	7738
	423	1912	1012
	1127	1592	9501
	1018	798	7512
	1341	122	1583
	937	1481	4514
	1401	64	8743
	1680	1979	816
	96	1573	1397
	262	472	3529
	1088	54	9769
	381	1564	4386
	1497	1458	2456
	688	1512	3522
	1247	1402	781
	964	1549	8588
	1015	1138	7925
	1690	398	6174
	1195	868	4240
	278	1324	8022
	1704	254	2669
	1408	1791	5061
	817	339	4522
	912	1641	3129
	471	502	5635
	331	1399	542
	1343	1910	2634
	1628	1536	1842
	783	1779	2172
	602	1702	786
	1841	101	7668
	1415	910	7056
	1313	844	8244
	138	880	1216
	803	638	747
	960	895	8721
	1482	1160	6616
	1524	1399	9890
	1272	1288	9800
	224	1277	9682
	542	1723	5891
	686	1035	4965
	410	1765	9810
	1426	937	7520
	272	1458	3904
	1326	886	8385
	1236	1008	9873
	510	1693	3200
	1726	1810	5701
	910	1864	3167
	309	1520	7574
	735	1479	9046
	956	252	4458
	1772	166	7551
	1117	1667	6652
	1579	1631	2245
	1420	113	8169
	1801	1978	2627
	1261	1471	6646
	1543	579	9458
	688	29	1472
	1332	1310	6854
	195	63	6935
	1408	294	3511
	1947	543	9916
	324	744	6778
	1434	617	6110
	1694	1419	7574
	358	955	7668
	1588	1081	4749
	176	1994	4148
	1025	1450	5348
	431	463	6482
	1443	731	3504
	1596	1378	3106
	772	408	2587
	610	872	6642
	98	180	9046
	1324	1111	3923
	381	1071	6534
	1895	1524	9808
	1741	974	1337
	95	406	3098
	1726	1689	1381
	1709	1153	2930
	509	1852	9173
	1000	1409	2301
	1722	1056	8419
	1803	1249	1310
	806	1591	1328
	387	647	6196
	1428	1306	3614
	679	1184	7515
	1029	517	4316
	1399	1565	4791
	1352	1620	652
	948	1159	3993
	1485	1236	5613
	539	1718	3288
	1756	549	2051
	372	237	9517
	1616	1732	1795
	348	150	8123
	1936	1815	6280
	1146	1695	2436
	1388	1796	1275
	798	163	4812
	652	1741	7097
	491	1303	7033
	1105	968	6829
	185	17	6255
	1255	1498	6537
	1697	652	5013
	712	286	8629
	1581	1854	9771
	116	1426	9455
	1760	1783	1052
	1900	712	6730
	1189	1253	9692
	971	392	9482
	113	992	6361
	1986	533	5386
	838	952	5735
	898	945	341
	57	922	8116
	515	1192	782
	1343	918	2312
	1681	1347	5285
	1775	115	8640
	998	1009	5642
	1886	1080	5200
	895	543	2055
	1800	1283	1473
	1085	1287	9989
	1590	300	3397
	1666	1064	8485
	1789	644	9607
	1209	368	5579
	1857	300	1155
	112	100	7142
	1399	445	5483
	1695	1904	4885
	1873	1302	8690
	1824	2	5519
	1180	934	1909
	157	935	1944
	809	1689	8210
	20	592	4739
	261	810	7876
	1601	1798	88
	151	1839	9811
	709	1793	6279
	1116	761	2528
	51	1471	5790
	1344	1568	3014
	1701	1944	1975
	1335	142	2952
	1380	1121	3699
	1697	1825	798
	1415	1570	4858
	907	39	1597
	195	217	4464
	1691	783	6439
	1857	1595	225
	1604	395	1913
	1485	1451	7717
	446	1845	1299
	890	1239	2479
	1763	1066	7578
	697	1581	3284
	630	1181	599
	473	362	7689
	1732	1682	9459
	859	298	2260
	1894	1634	9368
	1560	1571	4506
	75	456	9933
	1050	1504	4878
	629	1149	4073
	962	64	1328
	528	1238	3117
	1504	899	3309
	369	836	2889
	688	752	9161
	1471	1878	6808
	1209	291	7498
	1819	598	4364
	589	1537	1429
	153	593	3178
	1955	1898	7476
	1320	511	6214
	1418	1108	8224
	1242	639	4620
	125	1655	6836
	1117	1805	731
	570	1072	5332
	184	875	7830
	1228	1313	1257
	952	1392	9035
	1455	1546	6229
	1433	380	5192
	1326	241	5963
	334	511	7456
	276	1945	2921
	1778	718	3766
	489	118	257
	1817	742	2197
	1188	1685	3886
	1359	24	4584
	1898	298	8259
	806	1083	6524
	278	1180	669
	1920	422	9803
	312	213	193
	1838	840	9844
	637	1607	5587
	677	812	8617
	274	1905	6356
	1697	1289	4153
	1630	1157	7306
	568	1909	7383
	1637	323	5250
	1672	756	459
	1950	179	8226
	852	1520	1673
	1661	191	321
	64	1670	5900
	893	1869	8293
	393	1901	504
	500	1849	687
	1751	1795	328
	1682	262	7798
	1573	623	7308
	12	1468	8986
	1788	260	5038
	1792	1657	1396
	470	1135	4321
	1730	397	8610
	1079	1444	5242
	1638	937	4530
	1565	509	3154
	536	1975	1701
	1678	183	8984
	1524	287	5678
	348	28	8973
	1661	874	3861
	199	1350	6139
	1887	1940	2453
	90	583	2007
	882	1771	8274
	852	1539	4272
	1737	1784	1542
	73	589	6464
	1417	1154	2194
	1933	910	8532
	778	1996	8736
	1084	1352	9835
