p	max	500	5000
n	1	s	
n	2	t	
a	6	405	3794
a	470	70	1584
a	351	321	2545
a	56	101	2306
a	402	49	3842
a	203	214	3114
a	332	434	1960
a	123	31	2349
a	344	288	590
a	252	377	3504
a	17	287	2022
a	425	114	2922
a	8	38	608
a	122	204	649
a	434	192	367
a	320	231	3954
a	448	44	1625
a	122	63	304
a	50	304	1677
a	269	18	624
a	74	442	3263
a	434	34	2025
a	330	147	777
a	311	296	2274
a	151	387	4935
a	444	143	4500
a	409	288	4471
a	391	400	4592
a	272	24	4238
a	236	361	107
a	188	132	2685
a	406	55	702
a	500	150	884
a	466	482	1227
a	59	145	4308
a	22	7	1420
a	334	388	3920
a	233	279	2077
a	148	328	3824
a	172	438	241
a	346	449	2881
a	195	252	3467
a	120	349	2909
a	343	29	3954
a	43	321	452
a	209	89	3013
a	392	455	1321
a	367	248	2931
a	6	486	1523
a	356	111	3331
a	124	3	4469
a	351	276	1425
a	78	500	135
a	6	369	173
a	446	120	3082
a	488	462	2555
a	351	421	1452
a	318	129	4512
a	473	88	1535
a	132	77	1888
a	251	351	4830
a	14	41	3899
a	109	149	4968
a	327	226	1072
a	303	21	767
a	472	15	2747
a	292	282	2920
a	193	484	688
a	178	112	543
a	221	398	2431
a	444	147	2166
a	374	340	4129
a	235	254	3962
a	400	73	4690
a	481	146	200
a	231	74	4149
a	250	465	4234
a	362	247	187
a	59	189	2540
a	82	24	4556
a	148	211	1800
a	480	291	4053
a	319	187	3069
a	275	430	1853
a	247	314	4858
a	450	216	2768
a	52	260	2595
a	312	169	4418
a	241	197	730
a	317	281	3144
a	416	54	46
a	402	121	4835
a	185	383	898
a	425	168	3736
a	89	219	850
a	380	494	1595
a	222	281	88
a	354	241	609
a	397	387	1607
a	23	329	2886
a	425	74	2701
a	5	334	2548
a	445	407	433
a	193	166	604
a	175	114	732
a	245	250	614
a	175	227	1296
a	236	403	2946
a	349	172	3948
a	273	296	3897
a	466	283	40
a	273	441	2565
a	316	377	2484
a	254	469	3345
a	3	353	4813
a	315	51	3590
a	281	71	4204
a	414	293	2094
a	490	183	946
a	225	290	2215
a	230	61	2307
a	352	171	2881
a	334	111	4426
a	337	185	228
a	157	462	2306
a	447	308	183
a	159	128	1050
a	58	117	4430
a	232	288	626
a	161	213	3409
a	162	134	1684
a	9	265	94
a	389	429	2481
a	370	116	378
a	375	197	4855
a	323	310	397
a	57	134	1335
a	403	332	4924
a	497	345	2696
a	5	384	2756
a	446	274	2938
a	237	407	491
a	458	215	1336
a	298	444	796
a	62	301	3735
a	189	69	3682
a	377	477	1964
a	198	157	3172
a	292	338	957
a	184	443	807
a	37	17	4402
a	278	261	2016
a	50	412	4737
a	472	374	2874
a	491	50	4168
a	71	310	3217
a	457	486	3507
a	61	252	3852
a	350	266	4906
a	174	52	1260
a	59	372	4376
a	468	448	2801
a	490	24	3079
a	22	491	313
a	277	166	959
a	102	133	1489
a	395	231	1957
a	163	3	2327
a	97	283	637
a	79	159	4450
a	12	356	3940
a	281	494	2018
a	195	144	1549
a	215	77	2347
a	309	440	4288
a	111	12	3252
a	295	245	1924
a	337	71	1657
a	263	347	2872
a	447	14	346
a	285	447	1728
a	152	492	809
a	181	111	2756
a	423	230	3488
a	243	474	3914
a	389	18	3848
a	87	341	1363
a	412	196	4697
a	86	23	1211
a	488	354	994
a	132	219	212
a	425	224	1477
a	8	88	1712
a	341	60	2282
a	320	329	4517
a	249	341	697
a	329	493	4360
a	454	132	3458
a	237	268	2318
a	278	438	140
a	99	247	1148
a	264	256	3661
a	154	371	243
a	350	343	2124
a	411	497	699
a	127	3	1921
a	116	304	4222
a	46	31	4481
a	197	81	2900
a	453	231	4096
a	292	187	590
a	64	266	1529
a	187	52	1811
a	172	288	409
a	235	448	4711
a	116	69	1416
a	102	48	1163
a	101	376	732
a	105	125	2504
a	358	281	2054
a	286	202	4586
a	219	229	4912
a	239	238	2971
a	67	441	2240
a	34	18	1780
a	110	377	2922
a	219	18	2134
a	158	147	3255
a	345	424	2227
a	370	45	1071
a	299	107	2410
a	416	333	2340
a	18	401	2179
a	422	375	4395
a	460	62	1382
a	242	115	4312
a	143	59	3900
a	165	479	1958
a	275	115	900
a	336	131	863
a	313	405	293
a	446	347	3579
a	14	191	234
a	434	387	4879
a	446	298	4896
a	260	170	2773
a	388	359	2635
a	467	422	4626
a	122	225	4113
a	412	381	3815
a	98	86	96
a	387	41	3425
a	374	395	4949
a	448	9	4290
a	472	447	3487
a	435	309	2783
a	396	184	3456
a	187	261	1249
a	435	467	317
a	468	393	2744
a	433	22	2698
a	107	443	2625
a	486	29	554
a	186	11	245
a	44	93	4382
a	358	261	2698
a	305	399	4834
a	417	309	2824
a	475	123	2257
a	208	350	4011
a	9	387	1857
a	101	237	2907
a	128	63	2721
a	241	410	2659
a	257	349	3533
a	208	237	3180
a	423	72	3058
a	270	453	958
a	114	251	3990
a	63	54	2059
a	321	435	1417
a	33	103	2088
a	146	318	3107
a	327	381	3411
a	312	170	1665
a	119	255	4700
a	345	166	449
a	308	94	2390
a	57	218	402
a	351	408	2022
a	375	6	745
a	289	319	4590
a	401	293	660
a	53	447	349
a	62	167	3152
a	246	384	2518
a	344	392	4448
a	363	245	3310
a	296	186	3423
a	151	228	291
a	145	459	1830
a	353	168	3664
a	374	262	940
a	88	171	3406
a	97	163	75
a	442	337	4916
a	468	429	1441
a	272	240	1019
a	291	172	1474
a	499	273	4599
a	462	135	3175
a	192	423	4271
a	59	73	2195
a	443	214	737
a	370	433	1869
a	225	402	2973
a	101	303	1243
a	138	315	3476
a	257	415	63
a	451	65	4618
a	134	86	3725
a	385	492	3594
a	295	161	1481
a	461	185	3464
a	256	383	3159
a	147	150	3842
a	111	201	4220
a	81	494	2990
a	393	58	2627
a	114	110	3760
a	213	266	362
a	271	174	3537
a	241	113	2697
a	223	161	667
a	52	63	2621
a	56	58	3820
a	223	54	3591
a	356	405	1592
a	269	266	161
a	332	366	285
a	212	308	2122
a	179	37	4827
a	146	230	1728
a	47	90	3776
a	344	19	1000
a	329	321	3569
a	98	30	875
a	335	351	2578
a	69	399	2808
a	59	425	837
a	188	115	3085
a	117	403	3303
a	61	251	4021
a	154	399	3527
a	127	110	1971
a	311	375	4312
a	3	190	405
a	59	262	4767
a	424	137	2818
a	279	277	2636
a	330	351	2607
a	386	221	1418
a	225	99	706
a	301	462	1846
a	106	166	4430
a	1	306	3135
a	40	328	4529
a	168	285	2518
a	225	220	4219
a	290	131	2766
a	1	220	1822
a	186	80	223
a	82	481	4874
a	263	180	4631
a	266	232	2048
a	67	335	4660
a	447	299	3322
a	361	46	3461
a	334	251	1481
a	337	53	1464
a	488	167	3544
a	309	391	4854
a	438	341	1299
a	152	126	3330
a	495	285	878
a	180	315	2
a	312	243	4140
a	280	337	2434
a	66	446	1279
a	470	68	55
a	308	103	2251
a	332	93	24
a	170	128	4563
a	479	158	1700
a	461	447	4764
a	392	154	2388
a	213	302	4901
a	161	323	2653
a	275	199	1464
a	303	285	4650
a	203	89	1069
a	166	47	177
a	65	152	1383
a	387	191	809
a	355	243	4722
a	136	332	2174
a	69	466	1681
a	468	33	498
a	434	81	4822
a	288	391	4106
a	457	304	629
a	94	63	319
a	335	307	1783
a	282	173	166
a	481	27	3768
a	47	348	3199
a	468	263	2245
a	415	280	4374
a	139	458	1783
a	395	181	4846
a	334	394	4489
a	417	462	395
a	438	100	4798
a	484	482	934
a	215	370	3882
a	182	121	2167
a	348	145	462
a	239	376	2464
a	157	437	3445
a	195	254	957
a	234	427	827
a	24	101	3321
a	43	323	2295
a	54	321	4409
a	428	398	2109
a	450	242	1494
a	30	494	2474
a	461	466	4243
a	392	295	2745
a	156	256	4610
a	394	413	4515
a	450	101	3612
a	389	134	3628
a	473	45	4441
a	436	167	1997
a	18	176	4685
a	369	204	500
a	264	112	2962
a	392	5	1529
a	216	329	1198
a	271	279	4163
a	422	161	1970
a	264	223	3760
a	251	337	4650
a	108	446	1215
a	193	216	4478
a	251	462	2291
a	368	98	4589
a	249	225	3500
a	269	52	3996
a	397	127	160
a	302	196	3341
a	377	5	1618
a	107	156	853
a	188	59	1528
a	411	476	4902
a	383	392	3285
a	405	310	4533
a	291	179	1481
a	55	186	2730
a	192	348	934
a	73	463	2331
a	101	441	2199
a	233	241	4639
a	159	25	1094
a	417	490	2346
a	201	275	4289
a	205	331	1968
a	346	419	647
a	367	459	538
a	150	423	100
a	334	128	3679
a	395	268	1799
a	493	481	1891
a	110	282	135
a	239	114	3055
a	323	207	4262
a	309	96	4166
a	39	187	2500
a	114	248	2839
a	43	60	3537
a	185	419	1192
a	416	217	4911
a	66	25	2892
a	449	391	1237
a	14	233	815
a	38	211	1248
a	32	24	486
a	303	213	1024
a	19	258	593
a	288	225	3834
a	113	380	4704
a	95	164	1427
a	278	396	2745
a	98	136	3598
a	118	207	3890
a	236	126	1078
a	482	154	2026
a	476	444	4418
a	207	316	3414
a	127	117	1938
a	291	222	650
a	480	133	2055
a	267	345	2631
a	55	15	3124
a	315	418	1573
a	102	110	2468
a	386	395	1546
a	225	401	4509
a	480	338	2144
a	390	451	4385
a	382	345	4543
a	96	162	3556
a	461	86	4093
a	319	328	2500
a	208	315	4413
a	82	284	81
a	489	294	4167
a	81	92	2298
a	11	361	1286
a	295	49	2986
a	347	430	2099
a	199	298	699
a	299	336	3978
a	38	255	2925
a	136	115	413
a	65	44	4472
a	193	23	3042
a	401	34	648
a	240	22	443
a	374	65	767
a	468	14	176
a	71	163	2718
a	259	45	2811
a	193	305	4564
a	175	129	1131
a	178	167	2227
a	344	131	3660
a	64	2	368
a	301	299	284
a	287	360	1126
a	127	105	3943
a	98	353	1599
a	444	341	4848
a	410	165	2460
a	376	387	4853
a	325	455	1123
a	1	305	501
a	258	384	3634
a	44	369	1809
a	453	291	1494
a	106	89	3302
a	286	349	2677
a	25	213	292
a	339	437	1402
a	462	301	4153
a	30	209	2864
a	498	449	4990
a	253	361	4705
a	380	108	1781
a	346	44	651
a	76	373	4664
a	266	301	3831
a	124	105	3560
a	313	270	1383
a	6	283	3027
a	445	138	2845
a	303	284	1405
a	89	224	2932
a	252	372	4166
a	293	423	843
a	27	199	2198
a	271	464	3810
a	274	276	93
a	146	203	64
a	133	479	569
a	424	215	2613
a	164	25	4292
a	330	225	1390
a	415	424	2164
a	163	451	3978
a	126	335	4322
a	22	26	1745
a	245	323	2014
a	433	121	3583
a	220	135	2269
a	183	13	441
a	97	436	3760
a	371	277	1678
a	103	250	3166
a	59	112	1691
a	395	483	360
a	367	39	2691
a	399	280	908
a	115	423	2485
a	285	385	650
a	270	495	907
a	219	389	1716
a	204	343	2629
a	152	458	4655
a	461	320	1637
a	128	371	4183
a	57	83	4574
a	342	60	3978
a	252	442	1148
a	401	430	3778
a	63	498	4261
a	375	60	1755
a	32	398	1483
a	158	450	4167
a	65	202	2477
a	18	192	4970
a	218	280	3580
a	223	9	2530
a	249	390	3376
a	393	444	3951
a	227	475	719
a	231	387	1618
a	353	273	3759
a	118	19	970
a	47	386	3791
a	3	104	4393
a	64	74	3008
a	282	49	4740
a	481	151	938
a	410	157	4729
a	429	207	3919
a	49	363	3286
a	306	282	4769
a	35	296	4270
a	92	271	2772
a	129	307	2642
a	79	51	4389
a	107	330	386
a	258	328	1768
a	463	257	953
a	229	469	3120
a	451	103	1443
a	319	164	4486
a	215	119	3251
a	417	164	2587
a	318	356	258
a	101	124	1578
a	90	207	3230
a	417	21	757
a	266	274	4319
a	492	446	1677
a	312	172	1852
a	351	373	3136
a	156	357	1769
a	394	446	2098
a	195	281	3000
a	312	27	1114
a	134	436	1557
a	8	387	1700
a	436	299	3878
a	166	116	2297
a	424	339	876
a	122	144	2241
a	393	472	3429
a	198	293	2055
a	455	398	3906
a	60	350	4609
a	212	385	1992
a	344	57	4781
a	84	187	381
a	374	260	4052
a	472	268	380
a	174	31	341
a	467	19	2114
a	444	289	527
a	231	107	3448
a	70	303	655
a	172	347	2867
a	414	296	4788
a	44	285	3831
a	159	252	3973
a	21	251	1387
a	115	208	3192
a	187	239	2919
a	443	345	3826
a	390	448	506
a	31	438	1360
a	181	453	279
a	423	264	577
a	489	404	4209
a	257	270	175
a	186	412	1622
a	323	29	3895
a	493	341	3373
a	110	17	3209
a	104	313	1525
a	470	280	1441
a	393	363	2226
a	473	149	583
a	51	240	1497
a	89	421	1078
a	350	92	1218
a	98	173	2732
a	169	430	902
a	226	201	598
a	27	24	49
a	145	437	4234
a	364	319	4884
a	26	336	2422
a	164	230	1429
a	330	202	2527
a	338	305	4399
a	83	398	1096
a	383	323	3291
a	202	256	4778
a	230	498	4499
a	287	137	1251
a	325	454	4570
a	277	163	2537
a	477	267	2028
a	443	135	1655
a	373	458	452
a	68	376	40
a	82	76	422
a	135	218	2941
a	475	135	2364
a	10	256	494
a	139	108	1427
a	103	439	4954
a	196	107	3055
a	201	443	4926
a	195	149	2681
a	394	50	3161
a	215	78	52
a	262	5	697
a	450	381	2042
a	360	483	579
a	115	379	3176
a	134	195	355
a	265	176	1686
a	418	398	1720
a	167	9	3404
a	497	143	1803
a	9	187	3977
a	161	464	1821
a	90	54	282
a	252	407	3403
a	156	173	337
a	375	91	2888
a	29	217	1503
a	412	199	1555
a	166	45	1445
a	71	96	1180
a	296	342	1425
a	23	285	3419
a	298	268	1435
a	354	180	3503
a	271	467	1890
a	296	229	4946
a	278	437	3525
a	445	476	2868
a	374	418	820
a	69	464	1220
a	468	35	3417
a	251	405	1956
a	4	476	931
a	259	153	4827
a	163	373	1430
a	59	292	4154
a	248	363	2939
a	46	34	301
a	364	449	683
a	477	254	3040
a	79	94	1686
a	420	322	2614
a	1	141	312
a	168	394	1730
a	120	131	2053
a	414	499	2268
a	456	133	302
a	257	84	243
a	176	4	2387
a	233	53	2450
a	10	183	1836
a	275	297	307
a	484	81	725
a	447	47	4460
a	437	69	1339
a	366	85	1999
a	265	172	3926
a	15	344	1903
a	399	57	4101
a	309	187	4367
a	100	16	572
a	483	360	1469
a	156	258	2868
a	323	499	1410
a	473	386	3589
a	431	377	3634
a	133	143	4614
a	427	494	4523
a	251	226	2490
a	143	474	2545
a	62	142	2172
a	317	467	3880
a	356	431	4988
a	331	155	3014
a	255	264	4042
a	84	160	4957
a	13	220	1498
a	288	421	2958
a	344	205	1423
a	255	409	4249
a	173	406	1194
a	374	313	2041
a	306	57	3411
a	70	38	4479
a	329	232	932
a	254	338	4999
a	202	344	2869
a	337	439	3416
a	376	43	2714
a	141	427	4049
a	415	28	2145
a	92	447	2861
a	177	415	4090
a	361	458	2265
a	234	378	4918
a	489	447	3570
a	312	480	207
a	485	139	3279
a	115	386	824
a	120	492	4388
a	63	51	4422
a	449	379	2564
a	266	275	362
a	30	456	2477
a	327	382	106
a	152	342	1601
a	9	243	2
a	398	479	330
a	412	15	1310
a	75	463	240
a	421	215	3403
a	260	107	4407
a	298	162	1158
a	375	289	1549
a	118	205	636
a	212	386	1862
a	14	440	2850
a	236	120	289
a	255	445	1290
a	331	485	79
a	373	34	2585
a	487	111	3512
a	202	493	4677
a	391	357	1252
a	304	341	1709
a	359	177	1376
a	22	451	831
a	324	175	4584
a	16	232	4500
a	206	143	4327
a	10	410	785
a	367	376	990
a	187	238	1260
a	44	173	1986
a	281	357	1148
a	159	285	1679
a	181	373	4726
a	290	92	4685
a	256	84	3484
a	419	416	477
a	257	269	2237
a	471	31	1386
a	495	405	65
a	232	179	1713
a	200	337	3550
a	185	227	3929
a	115	414	1749
a	243	341	4950
a	299	39	356
a	180	290	4714
a	369	479	1870
a	426	174	2733
a	266	311	141
a	42	478	1580
a	274	253	697
a	482	376	1106
a	62	247	4334
a	472	173	4275
a	271	329	3076
a	455	476	4061
a	99	78	544
a	23	361	2985
a	231	458	3771
a	491	409	1954
a	274	321	352
a	222	27	3228
a	88	27	970
a	349	140	2965
a	166	450	4663
a	302	2	4399
a	268	438	161
a	330	203	373
a	301	442	3485
a	304	482	3127
a	231	57	3134
a	415	438	4385
a	481	222	56
a	279	391	1970
a	373	344	4706
a	31	119	3569
a	187	157	1450
a	339	454	1179
a	495	203	3851
a	267	178	4722
a	474	338	4764
a	291	312	2259
a	153	319	1768
a	96	319	4517
a	119	493	4004
a	30	102	4164
a	399	183	3688
a	369	362	157
a	447	155	3816
a	195	434	2114
a	52	329	1458
a	43	6	2314
a	474	150	1020
a	5	206	3074
a	199	264	847
a	185	330	4923
a	351	98	4517
a	446	306	2650
a	397	374	3764
a	473	240	2455
a	4	40	2379
a	65	14	4919
a	155	396	2171
a	264	181	161
a	145	118	4113
a	278	330	4317
a	133	477	2839
a	388	286	2553
a	145	7	4697
a	387	94	1555
a	83	335	1438
a	122	427	521
a	126	403	3996
a	188	18	1583
a	16	387	206
a	480	208	3012
a	315	145	2436
a	102	379	2135
a	46	35	4268
a	330	382	717
a	226	447	4222
a	382	42	1987
a	3	445	4497
a	10	451	101
a	77	409	1616
a	367	323	4446
a	225	366	2271
a	371	53	579
a	220	342	417
a	79	413	2022
a	372	393	3515
a	323	71	2504
a	186	341	3
a	413	74	1260
a	309	9	236
a	115	342	132
a	280	257	4194
a	309	186	4564
a	437	358	212
a	275	119	3685
a	425	294	1035
a	260	481	790
a	488	322	1222
a	270	190	31
a	42	57	97
a	5	435	3814
a	170	498	2711
a	479	12	2119
a	460	280	2653
a	264	115	4521
a	321	102	2675
a	470	321	2615
a	293	89	395
a	188	353	816
a	227	477	4462
a	193	221	1373
a	118	17	3060
a	249	230	2477
a	302	203	2055
a	40	86	1841
a	173	294	4830
a	411	465	2977
a	175	296	4499
a	141	200	1924
a	127	35	3675
a	480	252	3467
a	26	56	938
a	102	359	622
a	174	112	1714
a	466	451	1810
a	415	398	2595
a	383	282	2435
a	463	402	2128
a	10	487	1692
a	201	272	3800
a	495	146	3446
a	31	476	365
a	181	495	4515
a	73	302	1731
a	7	103	1096
a	233	16	1720
a	486	450	4925
a	370	363	4968
a	115	20	1975
a	280	127	3693
a	209	47	2615
a	210	256	550
a	379	411	1509
a	158	96	161
a	239	127	983
a	58	188	2646
a	299	58	1982
a	285	99	4875
a	394	346	2920
a	366	481	4914
a	426	90	2226
a	280	396	3055
a	63	387	2902
a	15	44	1771
a	464	296	3094
a	449	388	392
a	136	90	2182
a	398	254	4871
a	436	309	1630
a	51	7	3629
a	118	125	1797
a	236	392	1835
a	353	172	3905
a	88	175	369
a	13	80	1377
a	70	3	1372
a	217	461	3524
a	435	386	1170
a	144	129	3266
a	433	340	4249
a	258	8	1469
a	70	301	3567
a	311	13	3248
a	267	427	412
a	187	112	4709
a	418	23	327
a	24	386	2877
a	243	54	2575
a	78	117	653
a	103	482	3067
a	347	20	3069
a	475	91	3524
a	48	407	1172
a	263	370	2246
a	418	249	4935
a	204	266	509
a	357	484	4809
a	228	486	2037
a	146	448	3470
a	496	20	4322
a	341	404	3965
a	236	206	4205
a	4	196	3280
a	278	431	3613
a	61	134	2851
a	222	171	2684
a	192	74	2238
a	376	279	4544
a	287	341	2268
a	487	61	950
a	197	471	1801
a	420	74	2201
a	325	51	518
a	126	342	3461
a	74	245	494
a	187	446	4636
a	150	38	4313
a	267	326	644
a	443	153	1920
a	429	422	2098
a	382	414	2279
a	187	156	1506
a	22	351	1975
a	337	271	1552
a	210	23	4117
a	358	487	3472
a	305	233	3691
a	395	107	4348
a	72	204	2779
a	432	244	3893
a	196	85	1964
a	234	288	3458
a	385	290	4182
a	461	119	1757
a	10	145	3761
a	447	420	106
a	314	363	1709
a	243	131	3454
a	357	439	2116
a	158	184	2692
a	471	403	974
a	423	12	4831
a	152	497	3265
a	138	140	4190
a	473	315	1325
a	185	111	4133
a	39	124	1568
a	167	11	1712
a	460	23	3872
a	321	383	3855
a	114	398	2786
a	336	156	2444
a	299	288	3979
a	426	18	4196
a	32	357	1855
a	52	31	3733
a	94	374	3665
a	166	35	1904
a	458	274	1678
a	296	457	2410
a	85	81	2099
a	326	293	2970
a	271	428	4200
a	19	319	2873
a	213	253	1209
a	421	448	4728
a	166	269	1392
a	145	6	1936
a	74	420	3569
a	95	270	4732
a	273	346	1446
a	383	3	2142
a	424	218	1000
a	466	333	4459
a	415	260	1730
a	50	159	433
a	226	444	3713
a	106	134	3735
a	257	136	2864
a	305	132	3786
a	125	283	3821
a	239	279	2503
a	36	387	526
a	21	49	1685
a	423	381	446
a	79	412	301
a	334	219	3582
a	54	325	4127
a	464	446	1257
a	318	425	2187
a	274	179	2410
a	347	491	2758
a	369	119	3899
a	223	340	3108
a	119	135	1536
a	32	385	3127
a	342	162	2969
a	492	379	1400
a	378	382	1915
a	199	124	294
a	66	211	152
a	326	257	488
a	165	141	2756
a	217	214	1609
a	17	398	2903
a	326	400	2490
a	62	494	2669
a	71	356	1675
a	329	285	1112
a	4	291	4517
a	154	336	1945
a	292	486	4125
a	224	259	2395
a	3	250	882
a	254	419	715
a	267	398	4832
a	486	22	1744
a	163	113	2584
a	248	103	998
a	173	88	3005
a	348	194	2075
a	150	456	2955
a	339	385	1436
a	310	2	740
a	419	390	1746
a	399	377	118
a	185	197	3808
a	76	474	4510
a	275	327	846
a	418	325	4675
a	171	7	3237
a	156	497	1996
a	284	318	3888
a	426	91	141
a	137	4	880
a	247	417	4186
a	412	154	1501
a	398	477	2552
a	365	231	1679
a	246	362	21
a	354	139	342
a	217	129	2615
a	198	280	3058
a	260	139	1131
a	354	122	221
a	249	272	1067
a	213	181	1007
a	28	366	3273
a	500	310	2295
a	355	493	1836
a	155	149	830
a	433	331	1291
a	415	335	3046
a	164	205	1438
a	221	492	2052
a	26	234	2703
a	409	226	3807
a	59	366	2911
a	391	359	2004
a	304	343	2678
a	396	447	2410
a	372	14	4436
a	489	238	4121
a	239	478	4513
a	3	500	2717
a	439	232	3450
a	432	122	1733
a	233	209	4841
a	414	446	2475
a	386	391	672
a	267	136	803
a	176	206	3994
a	310	153	3138
a	465	160	955
a	381	268	3484
a	440	290	4742
a	63	192	4384
a	156	422	1831
a	48	359	3017
a	459	351	2936
a	422	289	926
a	404	308	486
a	43	28	1501
a	342	8	2007
a	437	300	3072
a	170	169	1550
a	398	441	2925
a	165	402	278
a	412	109	2129
a	331	71	297
a	354	316	2884
a	227	54	2713
a	155	309	2454
a	109	198	3939
a	434	215	2160
a	84	363	542
a	4	340	926
a	478	167	4776
a	482	186	4018
a	268	289	3197
a	179	198	2608
a	254	281	1772
a	420	75	813
a	164	112	1301
a	405	362	1634
a	201	205	4498
a	442	225	3589
a	371	317	3347
a	391	216	1379
a	234	15	4291
a	187	159	3868
a	36	360	1768
a	262	222	2865
a	81	146	2114
a	257	367	4639
a	149	297	2334
a	342	330	2654
a	312	265	2850
a	426	241	1749
a	271	24	2713
a	403	400	3073
a	427	374	1297
a	342	135	4515
a	109	392	2020
a	369	219	1735
a	99	398	959
a	479	42	3912
a	412	113	4547
a	94	375	4577
a	293	466	3844
a	133	313	3745
a	193	70	3553
a	217	72	771
a	94	262	3089
a	435	174	3850
a	122	70	2354
a	69	477	3422
a	175	161	4278
a	364	286	3264
a	235	11	638
a	71	417	4370
a	206	440	1063
a	188	131	4344
a	406	206	1091
a	272	174	896
a	168	367	4388
a	409	75	4314
a	373	314	3520
a	177	231	4487
a	197	236	4871
a	328	149	1865
a	79	200	1276
a	358	49	4947
a	125	282	3245
a	72	154	1455
a	36	317	457
a	272	475	1534
a	36	396	1115
a	149	107	1083
a	225	477	1962
a	125	124	4683
a	418	92	1856
a	399	356	96
a	57	373	3730
a	152	95	2909
a	336	460	176
a	135	366	888
a	485	229	2701
a	295	100	563
a	171	26	3352
a	18	395	1146
a	471	295	4047
a	42	261	663
a	214	15	4655
a	147	66	2120
a	209	397	2440
a	289	277	4652
a	458	420	1734
a	223	228	1720
a	65	206	4904
a	472	248	4119
a	18	60	4859
a	497	283	3616
a	89	113	4083
a	397	408	2797
a	491	325	3819
a	60	438	3905
a	407	195	4558
a	302	495	685
a	47	168	72
a	363	271	2432
a	255	309	4861
a	227	300	4793
a	212	472	4513
a	89	275	1658
a	307	452	710
a	202	18	4396
a	40	201	368
a	226	140	479
a	246	203	3517
a	83	474	1870
a	410	118	4822
a	230	351	3293
a	73	144	758
a	226	494	4179
a	282	428	847
a	466	449	3564
a	362	254	3144
a	490	459	1231
a	125	333	4214
a	325	411	692
a	475	290	4255
a	130	155	2505
a	126	73	4346
a	144	355	2609
a	97	325	3234
a	281	142	3162
a	215	301	838
a	291	357	4306
a	129	66	2950
a	404	76	1064
a	371	19	4481
a	195	193	2288
a	186	388	876
a	299	175	3013
a	161	194	2821
a	314	288	246
a	300	275	1006
a	229	179	776
a	416	496	2703
a	208	114	844
a	284	319	579
a	33	121	1162
a	228	460	1302
a	303	498	3331
a	20	464	1752
a	497	37	2459
a	223	331	2769
a	318	213	2938
a	345	217	4213
a	114	294	3446
a	66	133	1716
a	213	82	2773
a	327	46	3697
a	424	343	3987
a	212	286	1308
a	393	476	4908
a	269	369	3360
a	469	169	1734
a	255	344	241
a	274	457	373
a	496	121	4460
a	322	477	60
a	396	203	654
a	226	144	1400
a	397	239	797
a	363	9	1067
a	250	397	1178
a	97	391	117
a	173	42	2166
a	453	475	388
a	371	126	274
a	135	400	2317
a	418	132	4022
a	438	323	1036
a	11	364	1904
a	30	408	3454
a	214	341	3050
a	332	160	3096
a	389	39	1860
a	265	233	4706
a	360	169	2097
a	66	455	1577
a	375	115	2641
a	275	177	2716
a	366	370	2446
a	389	217	2154
a	94	408	3517
a	403	341	3480
a	5	393	3457
a	355	76	2203
a	446	277	3863
a	412	413	83
a	51	327	4524
a	179	442	3093
a	236	185	3131
a	19	293	1833
a	42	142	4924
a	298	423	2702
a	320	147	2531
a	264	363	2899
a	251	397	486
a	288	369	3290
a	154	358	79
a	155	195	1814
a	469	431	4604
a	457	495	4099
a	40	129	4517
a	476	413	2604
a	331	386	3824
a	297	374	893
a	406	432	205
a	117	413	1064
a	391	420	3113
a	197	469	3096
a	26	207	4317
a	35	279	4725
a	68	469	1072
a	395	143	126
a	3	322	1729
a	304	195	2012
a	36	282	1979
a	339	459	3904
a	49	145	1809
a	220	478	2424
a	58	417	2501
a	106	469	2514
a	205	415	4992
a	78	87	2745
a	171	275	705
a	450	454	3518
a	440	336	784
a	314	361	1015
a	158	190	587
a	159	387	4770
a	256	162	1490
a	404	346	2045
a	381	384	1977
a	470	94	4979
a	146	256	3608
a	474	149	1943
a	437	271	182
a	76	193	2694
a	416	6	3998
a	113	76	558
a	185	335	3293
a	167	363	1916
a	246	288	2925
a	402	184	4852
a	249	493	3787
a	446	305	318
a	402	203	1409
a	222	472	2797
a	50	345	2314
a	86	379	4229
a	222	107	1005
a	288	413	3757
a	202	255	2771
a	113	392	1747
a	60	241	4932
a	154	378	3971
a	198	3	396
a	3	115	4819
a	468	380	2565
a	383	355	1204
a	207	17	2882
a	301	44	2995
a	139	337	3262
a	487	257	4023
a	282	363	3246
a	441	458	2547
a	276	269	2614
a	10	337	2530
a	384	166	2285
a	79	414	1945
a	337	11	2799
a	215	110	1319
a	471	448	1280
a	128	42	3973
a	138	223	4484
a	42	371	1009
a	447	184	927
a	450	204	2970
a	20	334	3794
a	440	57	3841
a	389	128	3130
a	392	188	1477
a	66	15	4907
a	375	59	3190
a	320	398	4899
a	86	165	1797
a	180	170	1048
a	94	336	1397
a	271	386	1999
a	425	86	45
a	28	149	4004
a	193	323	4656
a	269	46	3581
a	292	401	1800
a	222	214	3263
a	23	3	2158
a	23	112	2903
a	364	402	4222
a	396	405	1998
a	173	197	155
a	410	265	1846
a	148	389	1453
a	25	118	258
a	262	389	998
a	45	11	2090
a	177	492	4988
a	200	91	2650
a	31	366	1556
a	452	305	4695
a	438	279	3236
a	370	249	3970
a	135	333	233
a	229	178	2427
a	485	280	2083
a	149	465	56
a	483	136	1956
a	413	333	2010
a	458	473	3234
a	294	35	3191
a	449	10	1637
a	29	270	1639
a	94	332	1970
a	288	231	3473
a	231	418	3517
a	32	252	4262
a	140	483	2855
a	38	262	149
a	107	225	1386
a	491	78	1131
a	439	294	4515
a	236	282	866
a	292	4	441
a	406	4	3263
a	107	15	3749
a	291	196	2428
a	144	418	4235
a	419	104	3164
a	168	296	4175
a	443	126	2791
a	281	79	4428
a	196	350	4270
a	371	208	3596
a	262	353	2327
a	386	389	2329
a	44	169	3469
a	232	409	3817
a	339	415	2261
a	177	264	828
a	417	377	1864
a	200	119	141
a	309	315	2102
a	372	349	4898
a	414	94	1379
a	471	27	1834
a	419	420	3514
a	310	159	1918
a	360	396	3011
a	413	158	1143
a	252	170	390
a	464	90	4045
a	229	214	4472
a	436	71	4387
a	366	384	1206
a	9	19	2741
a	51	424	1371
a	87	318	4634
a	180	76	352
a	251	49	696
a	89	142	1315
a	342	232	4582
a	401	250	2875
a	455	75	3198
a	189	379	3096
a	191	477	3449
a	397	334	2669
a	165	242	2691
a	62	330	4065
a	86	348	3416
a	320	148	2758
a	203	353	1721
a	41	94	567
a	60	238	892
a	302	151	2909
a	14	267	4792
a	259	160	4533
a	338	411	3255
a	212	128	405
a	37	379	3826
a	258	120	2849
a	97	192	1836
a	277	317	1206
a	335	235	3067
a	244	55	1354
a	396	300	184
a	73	393	882
a	36	283	1127
a	452	107	675
a	328	89	3169
a	382	492	346
a	159	364	328
a	215	212	1019
a	456	253	968
a	239	210	3747
a	186	458	3543
a	404	5	4860
a	447	417	3694
a	346	276	4652
a	78	199	3651
a	256	163	3387
a	81	434	1401
a	176	458	93
a	403	37	1883
a	209	278	4989
a	464	469	3810
a	459	202	2478
a	90	418	596
a	184	35	2743
a	111	456	3539
a	479	20	4007
a	342	244	4494
a	32	70	262
a	80	434	4714
a	51	211	3373
a	61	54	4693
a	130	369	605
a	481	419	2094
a	406	482	1265
a	249	191	3007
a	364	280	253
a	47	357	2902
a	59	315	3033
a	349	29	2714
a	338	270	982
a	391	280	1630
a	175	385	1207
a	88	392	4303
a	25	409	3506
a	82	154	3206
a	486	248	333
a	452	56	4621
a	367	444	4918
a	116	252	3961
a	337	249	4315
a	450	440	4071
a	181	312	1773
a	57	266	3087
a	129	149	4437
a	323	75	3372
a	57	379	77
a	205	19	2401
a	48	338	4788
a	360	452	2497
a	180	375	4010
a	67	223	629
a	195	402	117
a	252	65	3633
a	345	289	3584
a	167	40	4980
a	425	409	3975
a	360	226	4661
a	15	468	3230
a	440	58	3341
a	33	189	402
a	446	323	4197
a	60	449	137
a	375	344	773
a	288	220	777
a	240	197	1489
a	118	250	4046
a	155	108	4156
a	374	16	965
a	154	462	3596
a	411	469	264
a	311	180	4388
a	352	459	3138
a	231	125	145
a	419	79	1226
a	371	326	2455
a	500	98	1038
a	373	284	851
a	34	394	2066
a	82	126	4855
a	139	205	4161
a	125	316	1194
a	328	2	197
a	384	276	3115
a	314	93	3087
a	31	472	3542
a	243	94	3201
a	405	243	1938
a	285	349	4986
a	177	380	4927
a	172	177	2844
a	87	70	4525
a	346	127	2018
a	110	140	2215
a	366	122	465
a	199	430	4400
a	271	45	3122
a	87	277	4304
a	401	396	822
a	8	314	3271
a	19	154	1583
a	184	219	87
a	167	306	4220
a	104	338	596
a	131	453	2965
a	118	343	1822
a	14	18	2556
a	98	131	2269
a	94	111	2285
a	259	54	2850
a	434	16	3701
a	84	48	1945
a	364	352	882
a	476	298	1155
a	352	376	160
a	61	320	4127
a	463	92	2929
a	377	155	1926
a	396	43	1874
a	352	471	2849
a	139	267	3711
a	49	393	1753
a	224	145	3346
a	348	50	2531
a	371	211	435
a	82	98	2924
a	300	173	1339
a	31	47	451
a	291	434	3149
a	360	382	1636
a	100	352	3283
a	417	90	1841
a	452	421	1794
a	134	217	1319
a	232	86	558
a	426	58	4370
a	52	144	4263
a	479	51	1860
a	482	373	4910
a	436	358	946
a	113	55	205
a	194	464	860
a	412	415	740
a	95	112	107
a	449	134	4983
a	322	396	4460
a	251	286	4051
a	131	334	4848
a	259	389	4590
a	476	488	1265
a	89	329	3302
a	344	138	4145
a	435	373	2412
a	307	318	2295
a	131	108	4239
a	117	411	4943
a	272	54	2669
a	74	110	773
a	476	44	4575
a	3	324	900
a	70	412	2828
a	54	83	3738
a	475	10	1495
a	404	6	349
a	72	430	1806
a	290	125	3359
a	493	418	843
a	423	443	2250
a	45	389	1739
a	404	356	1821
a	356	125	4937
a	158	207	4948
a	460	19	3573
a	218	156	2318
a	94	378	2764
a	95	84	872
a	89	395	3133
a	268	369	1454
a	222	139	1726
a	211	246	3671
a	340	466	1743
a	420	106	78
a	311	339	3349
a	150	87	3309
a	500	152	4309
a	46	36	3359
a	430	199	2257
a	373	263	1986
a	311	113	605
a	182	198	4752
a	456	60	685
a	276	271	4497
a	441	456	3658
a	106	420	4142
a	315	336	3098
a	281	288	98
a	120	248	765
a	360	295	1447
a	110	407	2430
a	148	176	4522
a	82	332	3003
a	256	17	2626
a	152	418	676
a	232	240	4771
a	105	279	3063
a	134	304	4962
a	360	227	4081
a	109	472	3780
a	473	388	2130
a	440	59	4156
a	318	143	2937
a	199	9	2233
a	118	251	1458
a	84	319	939
a	231	440	1217
a	322	500	3773
a	344	36	1570
a	188	493	953
a	444	71	3639
a	136	272	1840
a	193	321	2209
a	17	19	824
a	198	109	1616
a	221	388	1575
a	169	377	4241
a	188	51	2849
a	121	129	549
a	410	228	82
a	224	246	2311
a	371	329	3362
a	31	165	4415
a	490	89	647
a	196	395	2044
a	183	159	4617
a	24	316	3660
a	48	130	536
a	67	382	978
a	253	87	4740
a	290	195	1961
a	128	234	2707
a	495	127	300
a	498	433	203
a	172	178	3128
a	72	486	1876
a	290	421	2006
a	493	362	1209
a	367	177	2634
a	63	168	4550
a	252	247	2142
a	343	168	2970
a	9	356	282
a	299	78	3142
a	81	266	2321
a	237	135	3497
a	99	378	595
a	134	431	3045
a	492	347	3871
a	113	10	2921
a	5	402	4647
a	378	158	4421
a	17	332	3801
a	259	283	3048
a	455	391	3634
a	123	319	4755
a	112	44	1692
a	131	226	143
a	154	257	3961
a	500	387	1782
a	448	110	2208
a	364	210	2830
a	297	287	2925
a	329	142	4537
a	420	83	4346
a	40	55	3592
a	174	38	4514
a	487	101	4511
a	207	90	1967
a	64	476	4751
a	279	377	531
a	182	364	1252
a	31	153	3715
a	490	189	4871
a	453	311	2703
a	77	459	391
a	405	52	3740
a	429	462	1107
a	414	418	2454
a	153	436	1734
a	462	430	3614
a	390	443	1475
a	484	418	4406
a	6	235	1988
a	79	419	2978
a	484	305	2291
a	309	426	2103
a	370	136	681
a	280	160	2004
a	485	169	1186
a	114	133	703
a	404	321	1957
a	247	355	73
a	483	345	2019
a	357	368	4693
a	289	240	853
a	6	311	711
a	63	418	1699
a	455	180	3308
a	369	51	2224
a	449	20	4592
a	341	415	2244
a	296	240	4228
a	231	448	4239
a	160	335	1169
a	363	200	4270
a	320	5	3569
a	122	401	2126
a	487	171	2579
a	259	162	4975
a	448	249	1883
a	47	323	4484
a	328	415	4467
a	457	125	714
a	442	395	117
a	107	493	2193
a	272	70	2963
a	334	260	1649
a	373	290	320
a	103	121	282
a	107	378	229
a	348	96	4334
a	7	375	1944
a	174	284	1273
a	305	147	1267
a	16	202	3738
a	77	495	1391
a	230	215	1595
a	432	26	357
a	34	290	3507
a	324	24	2672
a	417	426	1756
a	115	181	1428
a	305	381	4371
a	201	444	4981
a	257	498	1554
a	195	154	4920
a	323	81	1153
a	234	444	1387
a	72	431	28
a	437	249	3634
a	256	54	945
a	461	195	3411
a	137	277	4026
a	437	106	4603
a	356	126	454
a	413	17	747
a	20	181	1059
a	399	83	2211
a	459	204	1350
a	332	86	1577
a	189	443	111
a	119	190	3255
a	351	475	1926
a	425	238	3105
a	393	392	3160
a	75	26	4040
a	118	156	1847
a	56	317	1117
a	374	421	3354
a	359	307	1488
a	469	479	1665
a	217	366	345
a	476	461	3211
a	316	102	1978
a	117	461	2849
a	287	423	3153
a	144	191	3401
a	491	8	1333
a	329	245	2604
a	37	140	3944
a	4	475	3992
a	46	186	539
a	3	133	4793
a	463	23	565
a	335	201	545
a	466	104	2561
a	475	474	2029
a	300	231	3808
a	68	347	2574
a	253	178	1274
a	441	312	4677
a	233	62	4679
a	125	120	4259
a	475	105	4246
a	310	170	43
a	96	354	1652
a	498	394	2760
a	82	333	1848
a	91	57	2568
a	241	500	1153
a	357	470	519
a	214	289	568
a	42	382	434
a	247	299	1245
a	20	329	3132
a	81	301	3724
a	191	160	4006
a	105	423	3856
a	473	395	1458
a	20	312	3170
a	99	321	3884
a	407	392	2237
a	119	51	4883
a	421	30	4734
a	165	25	4094
a	155	31	271
a	458	100	3935
a	435	428	3906
a	112	239	3428
a	154	460	3848
a	282	57	92
a	478	413	3945
a	267	308	3259
a	93	122	123
a	486	11	983
a	419	222	74
a	187	106	3352
a	315	401	2488
a	410	391	2221
a	272	428	708
a	205	322	1989
a	352	154	2479
a	177	481	1912
a	205	467	4497
a	68	93	2584
a	281	428	2635
a	256	254	2073
a	488	119	4711
a	270	467	3235
a	39	178	457
a	423	211	1090
a	67	189	4611
a	488	390	1707
a	270	322	4287
a	238	54	4265
a	78	479	1131
a	104	182	2441
a	449	493	199
a	446	402	1736
a	288	28	320
a	41	308	1802
a	19	269	724
a	123	318	3864
a	142	372	1514
a	264	450	1111
a	469	407	1330
a	306	212	2244
a	329	141	955
a	359	89	2965
a	245	402	2080
a	139	269	269
a	306	310	4325
a	163	387	1281
a	97	500	3023
a	405	51	2435
a	310	112	4102
a	138	289	2219
a	157	451	1857
a	233	101	3939
a	418	17	1274
a	110	332	1672
a	172	151	2425
a	390	218	4538
a	238	496	4850
a	299	28	1571
a	265	156	4530
a	53	37	4209
a	473	289	1745
a	219	453	4036
a	308	149	644
a	309	252	1066
a	42	473	4753
a	32	351	2076
a	137	180	2471
a	469	119	4628
a	421	244	725
a	155	264	2925
a	269	256	4540
a	179	47	1108
a	166	283	439
a	316	236	1552
a	8	133	2928
a	188	406	4016
a	231	336	4768
a	142	451	861
a	292	468	4758
a	224	482	4767
a	359	492	479
a	255	47	2417
a	93	128	4946
a	442	392	866
a	371	482	1219
a	23	181	3520
a	316	417	2837
a	287	224	487
a	202	264	542
a	258	486	1697
a	475	497	4561
a	21	182	2763
a	443	381	3066
a	82	471	110
a	310	207	2847
a	323	80	4566
a	33	475	1901
a	356	127	65
a	450	228	1880
a	124	499	4300
a	294	317	2557
a	242	66	4998
a	280	347	84
a	379	167	2762
a	214	228	2443
a	289	147	3710
a	375	83	689
a	483	82	2998
a	393	318	3713
a	303	295	741
a	203	83	1814
a	497	370	1840
a	133	292	4601
a	303	148	768
a	435	4	194
a	169	208	2499
a	227	311	1464
a	458	65	4171
a	83	340	1129
a	131	74	939
a	83	453	315
a	463	22	2360
a	102	370	318
a	391	277	10
a	59	173	297
a	301	40	2788
a	141	447	1561
a	415	32	3984
a	73	473	433
a	442	142	2229
a	150	183	4101
a	49	32	759
a	31	80	1344
a	55	78	4199
a	120	139	2511
a	125	390	3622
a	423	379	4012
a	7	120	3938
a	257	477	871
a	43	300	2442
a	82	330	3963
a	263	291	3007
a	57	376	2096
a	148	33	569
a	214	294	2159
a	474	83	990
a	342	474	1338
a	114	93	2094
a	32	296	2885
a	241	166	4305
a	369	105	679
a	53	319	3240
a	402	9	143
a	76	112	329
a	298	182	491
a	308	355	2817
a	94	340	1391
a	222	297	3808
a	23	313	1126
a	351	220	3713
a	320	160	3736
a	212	374	3423
a	175	98	4545
a	457	329	2382
a	249	239	3949
a	430	404	3919
a	235	93	3468
a	391	488	2468
a	377	252	910
a	126	144	2401
a	420	287	2402
a	373	281	2104
a	49	499	4785
a	476	22	4747
a	277	227	3430
a	211	355	4232
a	499	92	4420
a	230	156	3939
a	220	386	4284
a	498	348	6
a	405	240	2555
a	183	447	3012
a	10	83	3532
a	318	365	3020
a	137	300	2799
a	484	125	3003
a	369	299	3523
a	223	400	706
a	195	371	625
a	185	425	4509
a	312	36	475
a	494	268	466
a	369	21	140
a	5	15	65
a	482	364	409
a	51	449	1091
a	86	106	2993
a	332	494	2990
a	356	484	262
a	15	203	721
a	473	128	1236
a	131	454	1956
a	491	292	3590
a	455	385	2485
a	4	239	1198
a	297	99	1629
a	491	437	1543
a	127	281	4676
a	335	332	2530
a	397	153	4065
a	117	388	3559
a	282	235	1590
a	217	470	4440
a	439	339	746
a	47	286	2582
a	88	293	4998
a	382	139	4459
a	64	478	3101
a	102	314	3029
a	466	414	967
a	82	206	3081
a	12	229	1291
a	362	110	4118
a	44	278	2306
a	106	107	4920
a	34	284	135
a	370	420	1992
a	187	230	959
a	443	336	1411
a	152	254	1837
a	462	479	182
a	447	393	1237
a	451	74	253
a	253	490	4614
a	314	350	17
a	100	355	3211
a	398	353	2509
a	314	432	3119
a	284	280	1760
a	30	300	2317
a	38	154	4673
a	94	413	2843
a	446	286	4316
a	326	304	625
a	62	334	352
a	193	237	3301
a	387	221	1671
a	26	391	4941
a	8	134	851
a	38	294	3053
a	317	245	3376
a	249	167	3092
a	329	223	4018
a	480	204	4376
a	391	304	4681
a	12	58	3318
a	239	395	4235
a	116	454	3363
a	465	314	3839
a	306	426	4108
a	211	283	1536
a	441	290	3058
a	101	328	2080
a	201	418	2866
a	348	311	26
a	390	52	3209
a	105	30	1817
a	152	73	4500
a	333	54	488
a	110	216	2098
a	161	126	4903
a	238	124	4715
a	413	384	3936
a	160	161	3175
a	271	151	3780
a	293	331	4276
a	322	205	3332
a	307	163	579
a	146	31	3674
a	242	436	1080
a	479	417	561
a	251	334	3577
a	445	98	1858
a	175	73	1054
a	123	264	4226
a	467	263	1976
a	69	360	621
a	457	398	1806
a	46	184	4842
a	140	133	48
a	406	192	2308
a	490	465	2317
a	44	440	3406
a	26	95	1061
a	64	262	2542
a	480	54	2137
a	371	287	4749
a	244	23	2432
a	101	394	2506
a	12	173	180
a	34	469	1867
a	410	464	3770
a	103	381	1172
a	92	242	1765
a	310	57	1878
a	21	58	1140
a	153	370	494
a	157	394	3628
a	34	183	961
a	414	11	4478
a	110	410	2865
a	6	177	506
a	171	370	425
a	447	449	1407
a	413	66	886
a	497	209	2692
a	43	205	2789
a	81	402	1976
a	418	427	3605
a	366	461	1604
a	152	323	1743
a	336	224	3527
a	134	311	4128
a	191	162	3257
a	488	315	2105
a	109	469	4887
a	146	353	4271
a	227	150	4840
a	134	454	3134
a	389	139	4351
a	137	98	1065
a	242	329	1225
a	137	243	1630
a	95	36	2086
a	467	453	1005
a	251	362	784
a	269	327	2682
a	307	44	3451
a	458	128	1196
a	98	106	3384
a	108	87	3868
a	338	460	2525
a	320	79	2085
a	107	137	3747
a	207	210	1288
a	279	225	4413
a	40	493	2506
a	230	288	3394
a	433	2	3429
a	306	272	2599
a	376	52	2800
a	281	231	2368
a	391	30	1212
a	432	85	4638
a	129	43	3373
a	371	104	2962
a	337	217	1881
a	105	69	519
a	319	174	1263
a	105	214	400
a	441	52	4975
a	299	50	2544
a	67	46	2649
a	289	120	2261
a	238	69	3724
a	261	3	4609
a	473	485	9
a	147	100	3361
a	238	167	4178
a	80	193	4221
a	403	319	2832
a	445	200	1997
a	483	109	93
a	446	355	244
a	75	87	1474
a	155	479	524
a	411	73	3434
a	322	420	3138
a	189	52	2567
a	340	192	3870
a	469	292	2391
a	365	403	1650
a	376	370	588
a	163	308	543
a	225	83	575
a	64	479	2966
a	192	260	1657
a	391	237	3308
a	234	18	1642
a	126	28	4806
a	272	379	665
a	390	303	3457
a	229	285	264
a	310	225	2687
a	256	45	3943
a	498	464	3517
a	262	23	2815
a	495	269	1391
a	24	168	2410
a	428	442	2178
a	399	203	4259
a	152	268	3671
a	191	149	4269
a	360	175	2979
a	87	324	2574
a	366	389	2090
a	375	73	1565
a	271	178	4187
a	274	242	2517
a	332	444	2340
a	66	112	4616
a	368	360	140
a	131	404	615
a	422	149	1607
a	223	58	550
a	213	112	1745
a	431	425	4813
a	242	480	1258
a	118	183	2345
a	14	498	2957
a	448	478	1282
a	28	218	2647
a	13	138	413
a	434	161	2414
a	307	405	2184
a	27	18	664
a	50	401	1391
a	37	149	4935
a	316	460	1860
a	282	204	3516
a	272	42	441
a	49	344	4188
a	411	401	1756
a	272	185	838
a	286	430	3577
a	257	164	681
a	210	124	2940
a	304	249	2588
a	144	274	1730
a	439	197	3022
a	372	152	568
a	233	182	1027
a	495	67	1574
a	181	336	254
a	76	394	905
a	299	237	1498
a	229	100	2340
a	241	350	4272
a	78	379	903
a	63	237	3857
a	39	116	288
a	423	149	540
a	209	410	4836
a	345	234	2689
a	398	412	4932
a	19	105	4115
a	223	137	3414
a	133	145	684
a	118	497	1472
a	8	69	2751
a	118	147	408
a	430	271	358
a	307	64	720
a	127	323	3220
a	93	431	2789
a	278	323	3675
a	467	262	2991
a	434	69	3954
a	142	306	1168
a	74	63	2676
a	95	391	2166
a	207	249	489
a	415	268	1660
a	144	193	1037
a	466	103	317
a	451	457	4052
a	197	213	580
a	376	136	719
a	121	459	2262
a	103	239	1070
a	385	100	1418
a	462	122	4318
a	103	380	342
a	480	277	4218
a	443	411	4537
a	106	307	209
a	125	230	2850
a	219	414	1515
a	54	349	2475
a	39	139	2148
a	204	473	1392
a	18	277	1122
a	75	332	544
a	422	499	4169
a	307	190	3497
a	274	77	4757
a	166	71	4029
a	298	327	4718
a	317	489	1030
a	307	47	1046
a	80	403	2934
a	411	29	4437
a	288	320	4433
a	293	209	3947
a	444	67	3505
a	231	261	2861
a	478	358	4626
a	117	430	3977
a	326	170	3983
a	112	226	182
a	297	432	4754
a	339	77	3822
a	371	476	4063
a	116	281	1391
a	476	97	3222
a	287	75	4086
a	349	286	3786
a	248	111	66
a	139	192	1752
a	490	212	4321
a	182	166	3722
a	138	264	2386
a	310	26	956
a	276	414	4082
a	44	82	3307
a	68	88	3856
a	414	100	2306
a	261	352	3185
a	390	140	2838
a	313	113	930
a	30	310	4647
a	194	39	3891
a	161	406	246
a	308	35	1354
a	294	202	2047
a	161	263	3345
a	380	397	1422
a	80	337	4445
a	479	107	3313
a	62	193	944
a	307	154	142
a	271	383	4470
a	27	235	4538
a	227	403	357
a	327	180	4998
a	222	410	4318
a	454	57	4778
a	383	237	2429
a	457	363	1247
a	203	379	3483
a	95	313	3831
a	472	360	2465
a	142	490	4862
a	17	243	1242
a	383	114	1926
a	112	191	4723
a	168	97	1726
a	306	211	3516
a	311	358	2062
a	40	59	1081
a	102	425	1584
a	49	307	1560
a	315	208	2606
a	49	396	663
a	201	217	3364
a	55	146	4678
a	206	362	443
a	244	217	1107
a	25	427	4947
a	173	35	2445
a	305	107	2459
a	215	488	3457
a	381	34	1207
a	390	78	1574
a	30	225	4787
a	346	314	4578
a	239	53	2904
a	10	117	2574
a	52	456	1169
a	437	387	1847
a	9	132	2565
a	176	435	3132
a	450	14	189
a	124	89	4034
a	143	209	1354
a	57	144	391
a	241	147	1581
a	156	348	3031
a	85	354	856
a	479	62	4392
a	303	268	2375
a	401	252	1903
a	114	325	4236
a	42	230	832
a	317	416	2084
a	374	34	3891
a	375	287	2987
a	32	175	1280
a	194	348	4746
a	434	207	4130
a	278	420	2507
a	27	100	452
a	433	397	2566
a	491	403	2081
a	297	238	4499
a	500	483	2963
a	14	269	171
a	302	8	978
a	231	162	161
a	439	38	2289
a	480	189	4563
a	233	411	3095
a	305	6	3957
a	141	408	3964
a	35	237	1519
a	126	174	3203
a	102	183	110
a	291	341	2233
a	43	453	3846
a	208	388	23
a	81	138	4980
a	309	394	2898
a	256	10	4034
a	76	395	897
a	416	448	4137
a	489	270	3712
a	219	437	1190
a	218	71	419
a	298	78	867
a	308	27	3310
a	392	22	1555
a	449	91	363
a	160	18	1638
a	431	479	1773
a	368	405	479
a	23	278	3101
a	491	494	89
a	240	46	1157
a	60	281	3340
a	302	330	3987
a	108	109	4364
a	154	325	2097
a	287	419	1548
a	198	122	4697
a	121	127	1482
a	302	36	2005
a	140	135	2982
a	163	463	1296
a	112	421	4816
a	475	478	1206
a	49	37	554
a	305	268	3216
a	291	369	1228
a	419	260	3686
a	438	480	4732
a	43	400	4640
a	196	178	281
a	78	186	2847
a	484	245	4945
a	161	175	4667
a	270	362	4720
a	114	88	4606
a	152	325	3285
a	285	183	4745
a	105	427	4579
a	87	271	390
a	488	317	4172
a	199	337	824
a	165	449	1454
a	332	118	4619
a	436	180	1313
a	113	97	4684
a	470	351	180
a	473	169	3523
a	368	433	3434
a	249	402	3943
a	108	435	2961
a	307	46	3823
a	327	211	2398
a	469	270	994
a	84	171	1049
a	362	452	3303
a	415	338	2168
a	23	137	1057
a	122	324	1002
a	328	475	574
a	364	393	4426
a	197	39	1758
a	139	370	666
a	257	227	3586
a	177	404	4561
a	419	339	4630
a	428	35	2199
a	499	206	3816
a	232	307	2753
a	101	31	2946
a	78	257	4310
a	413	36	924
a	394	467	1094
a	450	43	894
a	393	153	3803
a	378	441	4838
a	218	174	1076
a	118	399	2152
a	427	438	4305
a	345	33	4090
a	18	137	524
a	180	230	3763
a	393	379	3816
a	274	430	4521
a	407	142	2017
a	411	75	2221
a	368	44	626
a	412	343	1167
a	112	33	1834
a	402	413	4342
a	288	476	2713
a	173	256	4631
a	339	104	2415
a	487	96	373
a	26	98	891
a	373	329	2326
a	304	320	1790
a	112	493	2178
a	153	157	3394
a	254	87	4102
a	442	52	3761
a	432	194	301
a	54	73	722
a	423	316	2706
a	462	290	3821
a	372	420	4135
a	157	368	2645
a	475	85	1073
a	243	177	2633
a	381	259	2956
a	403	161	1878
a	186	275	2392
a	78	285	2134
a	138	158	1434
a	488	87	1009
a	91	146	2289
a	261	212	4039
a	157	3	3610
a	161	448	2094
a	470	74	2849
a	309	248	126
a	294	356	3811
a	29	378	405
a	436	364	5000
a	354	309	3009
a	407	317	2661
a	249	473	4678
a	122	184	1348
a	108	10	3952
a	435	202	501
a	94	77	2411
a	293	232	1515
a	442	404	3044
a	25	356	2782
a	339	4	4264
a	273	406	875
a	383	375	1176
a	116	449	2003
a	408	314	1059
a	487	362	3236
a	77	490	2142
a	3	475	1269
a	272	488	2712
a	176	20	429
a	361	24	4261
a	290	4	1245
a	92	152	912
a	77	204	4355
a	319	147	4942
a	200	233	1266
a	241	451	671
a	464	174	3353
a	357	445	3539
a	485	200	807
a	394	137	1563
a	447	140	2496
a	413	492	1537
a	87	245	374
a	15	328	2292
a	200	455	3337
a	242	126	4351
a	80	109	3363
a	190	230	1821
a	485	426	2974
a	18	303	3016
a	398	499	646
a	494	344	4837
a	214	107	1512
a	109	127	482
a	402	33	4751
a	366	278	2648
a	412	74	2648
a	289	497	1109
a	401	223	1737
a	155	488	3135
a	264	209	3845
a	113	166	3136
a	136	491	3229
a	217	192	1291
a	326	418	2499
a	140	418	1816
a	344	253	2179
a	226	225	4019
a	463	252	3474
a	349	229	863
a	126	489	2304
a	117	234	4537
a	410	138	4539
a	272	167	1943
a	70	498	181
a	277	60	888
a	484	400	1123
a	286	170	546
a	348	359	475
a	243	75	1007
a	91	399	213
a	348	278	4719
a	77	240	1699
a	7	133	4445
a	285	483	2461
a	441	29	4051
a	223	440	3333
a	6	470	515
a	464	25	3777
a	247	294	4492
a	379	214	2380
a	39	26	3404
a	185	258	2714
a	388	161	335
a	104	238	1483
a	323	396	3458
a	407	500	3119
a	155	327	1725
a	284	97	402
a	146	126	566
a	19	244	2675
a	402	148	4486
a	341	481	3824
a	271	394	4479
a	75	61	4451
a	175	110	433
a	341	338	3565
a	86	415	539
a	127	353	4941
a	368	144	1313
a	131	140	1146
a	154	311	2451
a	454	98	518
a	458	97	2243
a	402	457	726
a	98	472	2901
a	212	80	3808
a	487	238	108
a	415	349	4101
a	442	477	4083
a	259	225	4739
a	306	188	4656
a	192	315	1817
a	338	237	68
a	175	418	767
a	287	164	942
a	116	394	156
a	405	425	4844
a	82	230	3598
a	197	183	1732
a	334	496	3558
a	281	228	2533
a	135	129	4044
a	144	348	4803
a	465	400	4391
a	370	271	1101
a	465	33	4796
a	263	242	4360
a	276	15	4166
a	243	212	3745
a	252	158	1565
a	366	146	296
a	392	403	3496
a	488	124	1618
a	346	70	3485
a	6	434	437
a	403	98	2852
a	389	91	797
a	321	317	256
a	488	282	912
a	161	404	4605
a	380	280	4309
a	274	141	3983
a	75	362	1057
a	241	70	2409
a	431	289	2748
a	251	45	3253
a	14	251	1747
a	131	445	246
a	8	432	3747
a	271	377	2885
a	240	137	1863
a	368	478	1538
a	492	224	1962
a	350	194	630
a	445	54	1299
a	397	4	892
a	112	34	1621
a	69	412	4029
a	278	248	4463
a	236	274	4899
a	435	399	2852
a	477	24	189
a	98	367	1828
a	481	93	4651
a	291	204	1230
a	92	369	1792
a	383	338	41
a	442	352	2074
a	405	348	1209
a	456	412	4618
a	44	387	1143
a	46	465	557
a	429	439	4390
a	267	420	3402
a	68	265	3409
a	196	326	1067
a	262	345	836
a	135	229	4087
a	196	469	3866
a	257	127	1912
a	337	169	2440
a	233	104	3073
a	324	433	1460
a	291	264	1488
a	441	379	683
a	276	444	3581
a	310	151	2768
a	77	184	1154
a	495	409	3452
a	390	223	2963
a	125	172	3067
a	290	451	549
a	399	167	4780
a	369	378	1402
a	308	227	2326
a	91	149	724
a	437	385	1497
a	66	429	980
a	285	205	4878
a	322	114	460
a	158	500	1485
a	274	241	553
a	265	498	1317
a	184	254	1172
a	356	388	8
a	283	99	4656
a	123	352	900
a	237	280	3390
a	298	428	2819
a	136	351	4138
a	62	477	1597
a	476	487	2420
a	113	411	207
a	71	294	697
a	145	416	2138
a	279	181	1388
a	287	350	533
a	490	342	2314
a	302	121	2761
a	126	349	553
a	325	56	1072
a	83	10	3518
a	362	63	2300
a	254	481	1765
a	233	298	76
a	489	176	1253
a	16	192	4751
a	254	112	853
a	205	261	1924
a	150	398	716
a	44	133	858
a	337	149	58
a	310	192	2983
a	77	203	1665
a	78	92	1392
a	186	325	4771
a	280	130	3659
a	33	79	3027
a	399	40	4189
a	461	432	178
a	53	294	2232
a	483	89	4926
a	32	495	181
a	494	443	1951
a	369	162	3931
a	298	366	2773
a	436	496	4071
a	60	420	513
a	136	492	3440
a	445	126	4818
a	431	63	2827
a	145	98	4292
a	165	111	1884
a	352	328	2791
a	424	197	3804
a	297	345	2971
a	168	202	3948
a	226	448	2519
a	487	427	39
a	36	65	800
a	37	488	3821
a	13	367	2968
a	92	424	1911
a	343	345	3035
a	183	176	2162
a	187	181	4556
a	150	315	2909
a	429	272	1398
a	92	206	4063
a	58	74	4305
a	21	70	774
a	358	265	1154
a	210	272	466
a	215	97	3055
a	152	425	4068
a	437	72	3118
a	494	138	2291
a	87	265	3094
a	289	178	1017
a	111	391	4282
a	260	469	1334
a	298	32	3224
a	85	280	2059
a	56	18	3653
a	240	287	2164
a	241	42	776
a	204	186	3041
a	142	64	3475
a	368	435	2232
a	259	292	1633
a	42	188	4270
a	303	183	4404
a	14	62	1749
a	38	384	1445
a	255	319	1838
a	455	297	915
a	118	109	3799
a	468	187	1248
a	178	97	3323
a	491	234	1999
a	192	141	3352
a	248	293	4294
a	121	25	1365
a	1	425	3855
a	478	391	1524
a	178	323	3990
a	287	167	4596
a	382	227	1846
a	396	285	4346
a	408	371	4796
a	101	426	3504
a	465	407	2442
a	286	135	4339
a	480	308	4663
a	262	156	147
a	310	136	3065
a	190	498	3545
a	372	497	1574
a	87	94	2607
a	100	475	3795
a	229	185	2041
a	157	140	1645
a	343	161	345
a	76	348	1422
a	167	119	3381
a	6	435	994
a	261	254	4581
a	63	38	2590
a	266	260	1075
a	214	182	853
a	436	116	405
a	366	493	746
a	114	122	925
a	104	188	4163
a	379	98	3874
a	15	48	1634
a	492	451	1411
a	342	197	439
a	294	88	3031
a	375	391	3251
a	193	4	3285
a	387	228	3578
a	61	5	3500
a	84	346	1072
a	140	404	4887
a	316	181	675
a	212	6	2924
a	88	12	3858
a	344	182	1575
a	439	313	4815
a	166	467	4745
a	283	341	3255
a	415	449	2729
a	442	353	2556
a	182	359	1390
a	480	3	2500
a	106	197	3823
a	215	485	4577
a	337	287	2758
a	106	84	4170
a	328	38	2291
a	443	343	1896
a	125	73	509
a	201	393	2390
a	310	229	2972
a	408	109	589
a	125	58	3348
a	372	469	1421
a	30	119	2090
a	474	101	373
a	54	361	2167
a	275	364	3242
a	78	355	1538
a	333	367	3069
a	426	147	1793
a	176	438	1302
a	450	13	3582
a	437	305	1547
a	8	335	3547
a	365	47	2111
a	218	418	3436
a	19	303	1227
a	467	385	109
a	184	477	2764
a	8	139	2025
a	130	354	167
a	467	223	3663
a	198	29	1279
a	353	196	2596
a	121	96	671
a	306	242	1825
a	26	213	1112
a	410	180	512
a	383	369	740
a	177	240	4757
a	163	421	1223
a	257	184	2817
a	277	181	3923
a	7	364	4659
a	390	380	3717
a	173	4	2675
a	489	183	892
a	186	241	2637
a	337	379	1096
a	428	86	1656
a	419	365	4564
a	229	398	3266
a	432	224	2402
a	267	161	3886
a	447	424	3579
a	346	285	2963
a	367	129	3703
a	483	493	3653
a	393	70	2151
a	303	444	933
a	161	339	3347
a	401	332	4110
a	294	17	3255
a	369	208	2969
a	156	210	3423
a	473	82	960
a	271	259	676
a	425	215	1441
a	434	287	2921
a	274	500	962
a	388	380	4868
a	320	346	326
a	340	149	2813
a	69	450	4355
a	71	372	2324
a	74	59	3908
a	387	474	2309
a	406	106	3369
a	415	409	4716
a	456	326	3711
a	406	180	4701
a	174	208	1561
a	438	197	784
a	221	203	2558
a	233	261	741
a	106	29	111
a	451	346	5
a	244	387	2032
a	376	251	1317
a	305	257	609
a	328	126	1082
a	384	176	4512
a	423	369	2517
a	25	130	3810
a	285	481	843
a	215	96	2618
a	399	361	1759
a	299	205	2899
a	423	36	4515
a	85	453	3810
a	418	420	4785
a	380	246	2538
a	425	273	1149
a	388	163	1990
a	109	97	1658
a	351	36	1693
a	62	41	975
a	284	99	3601
a	470	338	2960
a	473	174	1376
a	308	361	4745
a	180	188	2660
a	298	323	521
a	249	407	1634
a	341	495	1631
a	374	105	3504
a	249	256	358
a	400	270	4849
a	61	81	2726
a	400	157	4297
a	202	25	2657
a	113	418	2083
a	296	94	874
a	377	21	3096
a	22	215	3361
a	487	462	2404
a	12	255	2360
a	196	364	3075
a	324	200	3001
a	475	172	2554
a	45	146	1479
a	486	364	3024
a	370	269	275
a	314	213	4272
a	79	471	479
a	135	417	1003
a	450	405	1070
a	381	139	839
a	257	307	2861
a	77	146	3132
a	498	425	261
a	171	341	1155
a	110	298	70
a	441	63	1635
a	176	316	3131
a	473	383	4225
a	446	10	3985
a	321	307	3637
a	214	38	4260
a	289	462	2035
a	99	499	4694
a	227	6	4059
a	17	324	2974
a	354	159	1236
a	302	423	3849
a	86	334	4314
a	236	223	2780
a	98	152	3497
a	74	401	3608
a	112	36	1040
a	140	356	1244
a	3	36	3822
a	175	354	4044
a	359	449	424
a	330	217	1456
a	396	476	3378
a	92	371	1757
a	457	218	3701
a	49	384	2488
a	103	77	3213
a	286	439	422
a	487	498	4925
a	224	170	4392
a	196	320	489
a	419	227	822
a	102	30	3346
a	200	18	2255
a	1	199	2262
a	239	339	394
a	135	116	544
a	286	224	1419
a	418	40	3100
a	220	380	406
a	45	263	2621
a	48	53	4706
a	125	57	2732
a	148	112	3007
a	489	278	147
a	360	5	3002
a	158	216	2557
a	143	172	1934
a	205	163	1618
a	461	313	356
a	485	435	1760
a	39	476	3436
a	100	222	722
a	392	239	1149
a	436	248	3453
a	275	186	4961
a	38	239	1550
a	260	61	4830
a	216	273	3139
a	169	253	1515
a	388	409	2377
a	47	132	86
a	449	157	1556
a	123	354	975
a	142	168	2106
a	169	14	381
a	482	223	2965
a	307	265	935
a	330	106	4409
a	415	279	3979
a	329	82	4285
a	454	315	10
a	282	120	692
a	121	208	4700
a	192	246	1501
a	69	144	3861
a	432	308	985
a	384	439	563
a	438	105	637
a	1	35	4878
a	82	462	4097
a	484	334	21
a	176	230	4612
a	451	44	114
a	243	142	3435
a	10	21	3959
a	138	46	4596
a	181	204	1760
a	321	473	1055
a	378	397	4530
a	379	188	2685
a	318	9	644
a	214	110	1202
a	492	155	901
a	113	202	2446
a	374	147	2856
a	217	84	4827
a	353	404	2142
a	8	217	605
a	175	87	3468
a	75	227	1314
a	264	306	2256
a	341	300	4222
a	410	102	157
a	453	68	4661
a	187	376	3874
a	282	92	197
a	174	102	851
a	35	141	3625
a	92	426	4689
a	224	82	2579
a	44	325	669
a	272	440	2619
a	324	100	473
a	162	395	2140
a	1	15	3199
a	405	229	402
a	485	55	3374
a	418	80	3597
a	219	247	4890
a	252	228	1830
a	309	27	1805
a	256	153	4701
a	336	87	3525
a	137	394	2299
a	194	173	918
a	67	201	1076
a	30	479	428
a	111	272	3704
a	170	194	3862
a	32	303	2517
a	360	236	4656
a	252	458	196
a	132	282	4437
a	53	312	4585
a	494	490	441
a	341	125	847
a	113	246	2053
a	260	245	4332
a	482	421	4115
a	28	121	1193
a	160	417	3687
a	458	138	1068
a	344	45	541
a	108	62	1184
a	326	397	2591
a	122	110	1394
a	50	451	4303
a	430	415	4427
a	396	219	1574
a	83	377	2555
a	292	491	2462
a	330	162	3716
a	377	133	4496
a	302	68	2795
a	454	259	1337
a	192	318	1218
a	69	104	2820
a	415	124	2158
a	220	196	3443
a	457	142	3155
a	276	325	1679
a	337	305	3428
a	395	81	24
a	215	432	142
a	384	238	4853
a	290	216	163
a	11	158	1405
a	305	445	514
a	34	213	1534
a	9	433	236
a	337	108	4439
a	389	277	597
a	323	17	2563
a	34	68	230
a	367	184	2359
a	379	262	4884
a	147	140	1288
a	369	300	735
a	204	363	1101
a	191	127	4985
a	446	184	4910
a	488	398	4667
a	238	62	152
a	473	24	2335
a	445	194	2768
a	448	298	1273
a	449	176	3593
a	207	489	4362
a	250	76	3483
a	293	240	2813
a	350	370	4515
a	192	124	4882
a	376	265	4534
a	478	470	3660
a	339	108	1517
a	44	495	5000
a	106	176	3801
a	409	15	1861
a	456	494	2547
a	168	418	1175
a	244	85	414
a	79	148	277
a	442	48	4428
a	187	255	3188
a	262	239	2591
a	417	374	1881
a	78	71	1997
a	486	408	3161
a	305	473	161
a	256	35	4488
a	58	243	1698
a	208	300	495
a	161	250	2221
a	159	403	2162
a	441	90	4690
a	394	352	2276
a	195	455	100
a	308	238	152
a	109	373	4250
a	313	144	2304
a	295	32	2793
a	100	72	660
a	265	21	1536
a	485	434	4627
a	195	340	2852
a	15	481	4085
a	369	89	4860
a	298	87	3626
a	392	144	629
a	19	83	4145
a	113	92	1381
a	482	267	4086
a	303	267	4613
a	194	294	3636
a	434	377	1962
a	199	59	3438
a	365	335	3235
a	387	181	1436
a	469	337	4277
a	435	161	3908
a	74	291	2261
a	98	189	3823
a	250	96	3969
a	296	136	4813
a	350	479	3816
a	478	144	237
a	112	208	238
a	329	81	1857
a	37	352	634
a	22	156	2156
a	98	270	1880
a	102	334	1935
a	339	8	1720
a	487	384	2479
a	187	460	3848
a	480	178	4896
a	442	242	3462
a	334	444	1218
a	173	2	3852
a	432	19	4097
a	456	153	1300
a	225	460	1954
a	253	22	2203
a	92	148	2379
a	241	455	2170
a	152	80	4391
a	101	83	118
a	138	47	3818
a	312	278	2500
a	484	60	2110
a	52	344	4208
a	425	426	896
a	208	54	3553
a	15	106	1391
a	94	465	2793
a	38	185	2357
a	156	44	1437
a	216	383	2822
a	496	223	4165
a	39	289	210
a	42	199	3915
a	296	439	4870
a	435	12	1840
a	387	145	147
a	155	413	3262
a	344	82	3867
a	320	122	4686
a	231	253	3411
a	468	273	1530
a	292	71	715
a	442	436	2214
a	267	259	227
a	268	216	3111
a	97	106	4200
a	245	338	2002
a	432	465	2622
a	68	317	2939
a	433	104	398
a	235	292	1111
a	453	357	2245
a	201	148	4168
a	221	201	1941
a	439	182	4827
a	408	282	4029
a	82	145	2462
a	120	36	2272
a	173	102	1292
a	96	29	454
a	103	378	1111
a	267	126	1483
a	337	246	1901
a	11	117	3086
a	67	285	2471
a	157	387	3940
a	219	246	4434
a	441	176	1164
a	11	194	3436
a	369	263	3418
a	389	466	4157
a	394	312	1786
a	351	256	1527
a	78	456	2924
a	209	367	3469
a	360	237	2016
a	274	52	1785
a	227	236	3304
a	284	125	2264
a	4	108	264
a	351	183	2620
a	85	7	736
a	322	458	803
a	179	111	3692
a	169	69	1443
a	198	200	1912
a	197	256	48
a	130	475	1016
a	352	343	1415
a	297	442	382
a	349	118	1522
a	373	368	2082
a	3	377	4984
a	12	249	1245
a	348	33	2638
a	3	390	4967
a	443	223	273
a	324	202	4677
a	266	207	2361
a	304	22	4444
a	1	106	3953
a	58	109	1513
a	148	239	4504
a	312	496	4759
a	239	31	2219
a	205	91	60
a	205	44	4881
a	10	42	4668
a	33	411	3966
a	54	307	2687
a	204	356	3526
a	294	482	1868
a	446	185	2776
a	30	312	735
a	308	186	3775
a	271	54	2758
a	426	77	2477
a	336	195	4644
a	19	54	1165
a	57	239	2167
a	80	184	2935
a	356	285	1895
a	242	356	3497
a	5	408	871
a	166	101	921
a	169	135	3477
a	80	486	3833
a	89	88	3864
a	402	263	1094
a	316	193	2175
a	165	36	1348
a	293	255	4425
a	335	340	1751
a	107	221	3934
a	487	14	4117
a	188	233	4348
a	248	324	3870
a	112	403	1090
a	117	174	4201
a	35	247	2701
a	1	315	2498
a	480	6	4471
a	315	71	3237
a	58	303	4262
a	439	254	163
a	381	75	2365
a	465	496	922
a	475	59	2671
a	148	131	1562
a	128	127	3116
a	440	304	1327
a	205	208	1686
a	78	358	4794
a	134	212	4740
a	464	86	667
a	289	29	838
a	20	155	4606
a	15	480	4133
a	109	406	3843
a	204	110	2047
a	223	35	4576
a	264	58	1226
a	89	11	2600
a	145	233	2742
a	19	304	2588
a	482	106	770
a	19	417	55
a	458	195	3632
a	122	52	1950
a	363	194	4539
a	154	363	3258
a	140	266	1330
a	217	393	916
a	406	77	36
a	376	294	3787
a	433	353	3332
a	272	33	4119
a	202	430	3849
a	107	487	1137
a	349	446	871
a	338	177	1427
a	272	207	3847
a	182	241	566
a	239	256	465
a	372	231	3392
a	385	130	3159
a	333	204	3665
a	451	46	4294
a	286	109	4255
a	149	315	2833
a	336	478	3894
a	299	226	4124
a	52	426	4413
a	78	322	3158
a	336	109	4373
a	119	402	1440
a	157	113	3441
a	308	195	2076
a	43	118	1315
a	109	489	4319
a	323	407	3653
a	109	122	3543
a	146	388	1080
a	366	283	4616
a	8	219	3649
a	445	122	3514
a	430	278	723
a	469	372	1440
a	420	191	439
a	131	36	3196
a	359	442	421
a	363	63	2060
a	326	65	4532
a	406	105	85
a	3	143	3766
a	405	303	4701
a	46	51	866
a	37	404	690
a	311	213	3157
a	93	108	886
a	337	442	755
a	46	418	242
a	210	91	507
a	196	410	1480
a	385	125	2958
a	135	41	1903
a	68	220	3147
a	177	499	1831
a	334	187	189
a	418	110	4575
a	147	404	4858
a	219	201	4249
a	78	188	1222
a	428	347	1923
a	176	132	4536
a	395	354	228
a	219	102	3725
a	149	351	2205
a	275	425	3284
a	498	98	1847
a	87	148	1047
a	143	230	4985
a	53	100	2104
a	241	204	1887
a	398	464	4608
a	351	400	4085
a	9	87	3699
a	431	264	2409
a	184	203	1717
a	111	496	4838
a	180	191	3362
a	41	343	1019
a	223	123	4807
a	264	242	3011
a	251	354	3284
a	307	52	935
a	353	438	3177
a	364	82	929
a	94	127	1730
a	500	434	5
a	212	494	3526
a	306	87	3134
a	269	33	352
a	478	361	3136
a	197	271	1926
a	472	258	2612
a	259	228	1078
a	98	324	2673
a	16	479	1171
a	306	185	2359
a	272	105	4136
a	490	426	774
a	224	274	4766
a	430	238	4153
a	325	397	532
a	183	99	2490
a	324	203	1250
a	1	105	3517
a	367	85	2805
a	464	220	3479
a	176	160	1651
a	205	43	3642
a	336	422	2621
a	461	129	3434
a	366	6	2242
a	76	344	2177
a	11	463	2605
a	195	378	1258
a	15	399	2542
a	57	125	3625
a	379	102	1950
a	114	457	2326
a	190	50	1379
a	119	120	2381
a	63	256	2278
a	421	198	1313
a	204	218	1055
a	388	17	3918
a	191	428	3756
a	251	145	3975
a	166	154	452
a	482	71	4613
a	184	436	2111
a	94	91	1218
a	264	460	2534
a	420	247	3750
a	23	58	3072
a	397	225	2597
a	349	40	2533
a	352	372	3899
a	467	37	4361
a	411	397	3023
a	36	54	1123
a	419	23	359
a	258	395	2478
a	103	223	3955
a	419	228	4924
a	148	430	3362
a	129	414	1840
a	349	379	2222
a	328	42	521
a	456	127	3395
a	49	240	2410
a	486	271	3815
a	219	128	116
a	244	373	3197
a	176	253	670
a	147	460	2066
a	257	284	4555
a	205	126	2617
a	450	359	468
a	495	277	4264
a	247	372	613
a	379	292	3122
a	208	76	2122
a	81	355	2271
a	265	100	1197
a	284	384	2168
a	422	50	2819
a	446	436	459
a	156	121	1091
a	431	433	4212
a	436	281	3961
a	293	432	408
a	458	192	4428
a	60	268	4672
a	4	180	1422
a	388	299	3705
a	326	459	3517
a	38	351	3803
a	297	215	1022
a	468	136	1352
a	217	392	4433
a	250	320	3042
a	340	450	2055
a	362	169	3702
a	376	5	4430
a	408	256	3275
a	73	436	4833
a	386	459	2481
a	395	411	1529
a	254	196	3450
a	291	346	439
a	183	216	3570
a	206	107	3264
a	233	79	4898
a	31	388	75
a	159	339	1422
a	253	20	390
a	77	198	2050
a	379	482	1061
a	111	27	2544
a	367	141	4300
a	427	40	362
a	115	333	2565
a	165	470	1051
a	365	126	2871
a	111	366	257
a	137	77	4517
a	422	94	2250
a	65	243	381
a	265	273	4156
a	194	409	74
a	449	92	4235
a	51	256	1434
a	99	12	3475
a	193	87	3466
a	322	373	1131
a	94	241	2310
a	388	271	2354
a	62	482	2615
a	355	372	2405
a	178	231	1160
a	293	182	4140
a	203	312	310
a	297	307	776
a	374	291	1689
a	144	170	1080
a	279	212	1583
a	301	380	3477
a	359	10	4168
a	97	255	4757
a	23	211	1609
a	278	20	3002
a	409	171	4615
a	248	381	829
a	68	424	4278
a	16	3	3142
a	79	40	924
a	439	176	1078
a	7	332	4708
a	267	483	4868
a	205	339	4983
a	324	103	1927
a	45	315	1955
a	54	11	3806
a	210	269	2569
a	417	173	3736
a	370	199	2405
a	280	227	3865
a	181	45	3458
a	105	259	638
a	416	338	2006
a	171	152	2876
a	270	284	3401
a	455	224	1989
a	437	373	540
a	185	260	3119
a	422	491	1104
a	113	26	2247
a	66	176	2379
a	302	399	1993
a	460	495	633
a	189	39	4619
a	355	400	1325
a	330	94	17
a	164	217	2053
a	352	361	648
a	376	351	3563
a	46	221	1647
a	49	271	4373
a	141	247	186
a	235	228	4922
a	235	373	1646
a	121	382	3013
a	103	186	3558
a	408	376	2554
a	358	460	1231
a	305	208	3197
a	144	338	1941
a	495	173	1063
a	159	154	226
a	343	489	521
a	128	230	4536
a	495	18	1193
a	263	232	3818
a	91	481	258
a	384	15	2871
a	9	438	3082
a	124	367	1219
a	343	207	239
a	128	4	473
a	256	201	3939
a	441	67	3789
a	488	98	3514
a	223	410	394
a	54	416	1308
a	446	14	2223
a	105	392	2150
a	109	432	2769
a	56	68	3574
a	271	161	545
a	492	312	164
a	100	181	2957
a	108	383	3481
a	109	210	3916
a	71	26	1108
a	127	434	4582
a	145	156	2020
a	94	201	2234
a	268	350	4592
a	86	445	1020
a	71	171	2804
a	292	340	1208
a	383	122	2031
a	301	307	417
a	287	352	757
a	139	425	4539
a	287	241	4245
a	37	474	4322
a	248	181	2670
a	410	204	803
a	338	203	706
a	267	333	1613
a	286	458	486
a	45	97	963
a	174	494	4849
a	358	379	3499
a	92	179	3228
a	276	442	4308
a	499	179	2676
a	106	371	1802
a	157	250	3760
a	115	368	1339
a	461	164	4573
a	190	354	4464
a	416	299	4159
a	20	165	2624
a	440	417	416
a	76	204	4555
a	460	115	4901
a	228	407	3276
a	32	473	3842
a	179	282	2384
a	75	413	2469
a	402	71	15
a	496	182	1809
a	435	53	4298
a	5	267	4900
a	56	301	3662
a	38	461	305
a	178	192	272
a	221	318	981
a	131	202	2324
a	331	290	4841
a	245	168	247
a	248	388	1357
a	154	361	1265
a	255	67	439
a	169	300	4119
a	353	223	4612
a	4	491	2412
a	83	306	1529
a	306	239	1956
a	325	145	1413
a	480	198	726
a	335	72	1093
a	338	284	995
a	177	154	3592
a	328	282	53
a	444	464	3369
a	391	187	4605
a	197	248	2113
a	475	458	432
a	125	262	129
a	107	263	951
a	205	319	483
a	152	181	1223
a	219	239	1631
a	418	72	2578
a	456	235	4064
a	45	359	867
a	394	33	2889
a	498	493	2874
a	461	247	1723
a	134	39	4393
a	158	169	4643
a	342	346	1672
a	209	247	449
a	265	165	4776
a	156	410	4311
a	132	403	3794
a	412	163	4573
a	114	447	3211
a	132	290	3027
a	299	275	1900
a	214	98	1914
a	483	95	2658
a	412	65	3525
a	160	42	1229
a	251	235	3183
a	345	98	1918
a	109	9	3530
a	204	227	3262
a	434	280	1746
a	19	334	4203
a	344	85	1056
a	364	104	2615
a	457	346	2049
a	316	139	3216
a	50	475	4931
a	37	176	995
a	476	231	2143
a	387	366	1571
a	358	199	1239
a	287	201	510
a	335	221	2571
a	70	346	1804
a	257	159	4277
a	101	432	213
a	121	466	670
a	230	28	1961
a	1	146	2993
a	120	150	3652
a	210	232	3029
a	103	375	6
a	475	244	2460
a	239	151	3467
a	370	482	3772
a	315	367	861
a	103	452	876
a	336	301	4735
a	390	14	3833
a	229	62	3349
a	323	57	665
a	276	225	4505
a	21	290	3338
a	101	116	2100
a	470	171	3561
a	149	462	3894
a	194	169	3447
a	294	340	2901
a	318	94	612
a	483	157	3621
a	30	338	2911
a	170	81	1829
a	271	253	1544
a	366	309	2951
a	223	212	4050
a	155	348	3509
a	63	383	4192
a	445	186	568
a	492	251	4609
a	393	464	1796
a	454	187	4749
a	113	379	3703
a	131	356	779
a	71	198	4366
a	40	185	1242
a	142	390	2886
a	217	455	1531
a	267	288	1887
a	70	311	3022
a	55	129	3543
a	234	36	902
a	487	346	1941
a	477	320	2944
a	462	44	3325
a	325	284	4976
a	262	263	1509
a	138	305	3255
a	48	191	3078
a	304	9	3460
a	196	15	333
a	343	488	4028
a	257	389	2245
a	465	26	2085
a	428	170	210
a	147	434	4806
a	314	321	4412
a	185	212	1109
a	367	196	4860
a	370	232	2052
a	81	91	3497
a	392	410	3751
a	394	328	2218
a	195	495	4080
a	493	238	4559
a	440	390	2086
a	308	133	3288
a	20	369	2563
a	76	169	1092
a	5	227	1335
a	119	197	963
a	427	273	463
a	85	341	4389
a	252	490	1470
a	111	417	1293
a	313	346	431
a	95	2	4971
a	460	445	3872
a	136	475	3585
a	164	393	3354
a	240	31	1737
a	365	393	3932
a	402	405	215
a	23	455	1826
a	268	445	909
a	224	321	2606
a	173	376	1121
a	456	308	2593
a	481	199	4055
a	196	318	323
a	258	393	835
a	281	88	1426
a	463	320	3971
a	7	407	4495
a	367	405	2269
a	244	448	1600
a	49	246	2210
a	451	166	1153
a	419	452	3666
a	244	375	4714
a	263	207	4021
a	82	265	2551
a	87	120	3781
a	215	39	203
a	159	415	1368
a	57	445	4204
a	149	405	1431
a	392	438	3278
a	275	483	1685
a	369	460	769
a	152	278	2186
a	473	350	2182
a	271	23	13
a	436	86	2930
a	56	242	1516
a	6	288	501
a	483	213	2431
a	191	236	3301
a	354	346	4325
a	27	416	4831
a	8	452	4244
a	213	405	4456
a	113	33	2533
a	118	274	4655
a	491	364	3124
a	317	40	1199
a	142	173	3998
a	368	64	3643
a	142	348	4736
a	273	211	2886
a	424	208	2479
a	211	232	2752
a	377	208	3302
a	254	270	3795
a	22	144	2219
a	304	405	326
a	235	175	227
a	477	230	4431
a	139	293	821
a	339	253	689
a	330	472	1365
a	224	75	3337
a	390	374	567
a	103	253	2178
a	395	12	202
a	224	58	1327
a	187	174	1477
a	244	437	2779
a	45	68	1373
a	103	338	434
a	162	352	1826
a	239	227	2040
a	82	346	1216
a	135	484	3389
a	417	135	932
a	147	490	292
a	452	399	4466
a	417	112	4346
a	459	413	2663
a	314	488	4779
a	157	78	1115
a	18	404	3267
a	128	380	3492
a	42	286	4615
a	333	269	2870
a	459	251	1330
a	289	280	196
a	113	124	4465
a	228	283	4278
a	327	81	3465
a	184	161	4681
a	331	18	606
a	422	175	4804
a	448	278	2164
a	216	242	1927
a	199	27	2243
a	445	119	4709
a	160	265	2901
a	145	500	992
a	340	480	3859
a	400	85	492
a	83	446	1402
a	358	196	734
a	292	210	1645
a	93	105	4068
a	442	291	1999
a	335	220	4199
a	305	89	2793
a	31	183	2716
a	410	436	3802
a	12	160	4286
a	126	66	4445
a	1	145	2925
a	186	159	4781
a	314	72	3058
a	7	479	2203
a	120	151	2936
a	174	436	1980
a	68	110	893
a	361	252	3455
a	437	191	4817
a	124	325	32
a	366	254	2572
a	370	197	286
a	452	483	4789
a	346	106	3554
a	399	228	1167
a	403	225	2014
a	158	277	1725
a	450	79	1670
a	327	279	3389
a	332	111	1467
a	167	174	3855
a	464	319	384
a	274	48	4800
a	403	300	4019
a	284	121	2142
a	90	312	1892
a	355	180	4563
a	62	412	1194
a	27	39	1444
a	391	476	3678
a	182	483	1225
a	387	333	2221
a	338	229	3411
a	88	452	3432
a	73	16	1867
a	93	77	4867
a	154	243	1807
a	348	172	2712
a	337	325	1486
a	447	264	496
a	339	403	3993
a	452	146	133
a	385	207	4349
a	357	27	4361
a	450	495	1813
a	12	426	3636
a	451	90	4513
a	290	68	1813
a	295	213	4569
a	483	474	2542
a	87	196	2004
a	446	189	2645
a	124	79	2366
a	191	203	2265
a	204	70	2911
a	492	329	2001
a	354	294	2628
a	288	152	2275
a	458	344	2831
a	38	84	1250
a	62	350	3355
a	455	373	4520
a	203	484	3952
a	203	373	2113
a	359	366	4127
a	396	244	1102
a	288	469	2949
a	258	245	1124
a	192	113	1701
a	487	10	2725
a	248	328	4484
a	102	423	2713
a	268	13	1277
a	73	163	3960
a	439	468	2475
a	25	256	123
a	443	17	1930
a	457	173	221
a	420	295	909
a	330	421	3652
a	22	471	4528
a	40	323	2639
a	159	90	3263
a	10	438	1693
a	120	96	1518
a	263	40	3844
a	49	100	1337
a	495	195	4658
a	82	484	1796
a	232	393	2021
a	267	186	1058
a	205	490	2243
a	379	475	4457
a	414	78	1553
a	152	121	1358
a	299	250	3251
a	462	346	4768
a	48	442	262
a	33	458	3611
a	159	414	3999
a	346	179	25
a	280	221	3738
a	9	289	359
a	157	105	1536
a	42	315	4877
a	242	83	2119
a	209	282	2563
a	299	408	1900
a	29	47	2201
a	447	224	3084
a	158	365	1087
a	474	142	747
a	265	105	3780
a	56	98	4800
a	170	22	2822
a	99	388	2468
a	421	231	2155
a	425	252	3828
a	283	202	2552
a	260	202	3691
a	467	390	3218
a	19	421	4300
a	240	60	4660
a	354	44	1309
a	99	243	449
a	445	451	86
a	8	178	4863
a	142	349	2063
a	151	17	2271
a	131	93	4090
a	207	238	2256
a	373	18	4964
a	454	317	4274
a	83	421	456
a	335	251	1439
a	103	111	2264
a	420	347	1037
a	371	271	728
a	372	124	624
a	148	333	3738
a	234	140	1178
a	72	255	3957
a	319	309	4680
a	414	27	2185
a	381	220	2111
a	418	185	2160
a	347	69	3766
a	390	179	3647
a	78	326	424
a	256	290	150
a	498	205	1994
a	134	327	3826
a	488	459	221
a	473	441	1464
a	440	46	1734
a	42	430	3702
a	161	340	1248
a	104	266	3788
a	449	81	4821
a	198	436	3992
a	424	369	177
a	123	407	4696
a	122	229	4701
a	51	35	329
a	71	220	107
a	8	174	3584
a	113	447	1271
a	23	14	402
a	338	476	678
a	282	132	4296
a	130	496	3876
a	117	64	2620
a	245	59	320
a	206	398	636
a	121	246	4199
a	73	452	2110
a	414	341	3718
a	385	113	1252
a	149	8	213
a	477	491	1835
a	462	496	2791
a	493	486	1723
a	419	415	4447
a	475	103	537
a	43	283	1100
a	45	329	4029
a	319	190	2922
a	215	121	3125
a	148	54	4322
a	190	425	3097
a	498	158	4741
a	280	277	403
a	158	282	3764
a	381	435	2935
a	312	166	1111
a	42	499	3700
a	260	334	3432
a	423	178	1203
a	214	29	4096
a	185	265	1068
a	80	209	1022
a	179	295	654
a	275	248	2336
a	317	397	4355
a	246	285	4083
a	321	74	841
a	303	191	655
a	378	252	1991
a	365	274	1920
a	166	205	3154
a	354	101	2752
a	467	446	96
a	431	219	430
a	117	258	4400
a	26	451	2404
a	264	468	4181
a	193	338	1612
a	141	18	1034
a	179	227	1803
a	364	221	3319
a	264	419	2199
a	144	137	3663
a	472	262	169
a	248	301	98
a	47	265	1165
a	250	391	4287
a	364	387	3393
a	102	267	3395
a	456	361	4651
a	476	116	4446
a	221	183	2176
a	277	133	911
a	420	268	172
a	34	410	110
a	487	340	3609
a	349	275	1285
a	22	443	3154
a	370	437	1638
a	281	156	2640
a	1	109	2460
a	367	480	4650
a	6	254	1122
a	196	152	4108
a	418	142	3509
a	205	86	4205
a	87	86	1934
a	461	189	1953
a	379	284	3471
a	167	111	1031
a	104	21	3133
a	124	191	2842
a	118	389	3221
a	401	269	718
a	19	170	2441
a	249	459	2962
a	354	150	1034
a	482	67	1716
a	293	105	3308
a	188	273	3533
a	64	158	4140
a	136	315	3385
a	269	65	3658
a	340	426	4842
a	88	131	921
a	287	365	581
a	306	198	3190
a	207	186	188
a	480	172	4656
a	22	468	3299
a	154	212	1816
a	339	336	3179
a	235	483	3511
a	419	232	1244
a	442	75	3849
a	7	401	2315
a	281	207	1245
a	381	70	836
a	34	128	3661
a	266	127	2872
a	100	272	2630
a	156	433	4388
a	263	495	4098
a	308	244	1661
a	498	166	507
a	152	280	2991
a	379	169	957
a	56	244	1666
a	336	164	3387
a	378	483	4190
a	323	446	654
a	75	257	4118
a	185	321	2920
a	388	98	2103
a	189	281	1780
a	87	446	579
a	165	225	2586
a	479	449	470
a	193	248	1663
a	29	402	4526
a	412	286	3004
a	264	285	4689
a	88	65	3656
a	236	73	4178
a	169	384	4597
a	481	406	3178
a	173	440	3027
a	283	408	4095
a	145	415	2367
a	74	15	3325
a	37	153	89
a	457	413	1865
a	117	107	4111
a	468	251	3329
a	466	484	102
a	328	285	311
a	3	295	1006
a	150	202	4747
a	83	21	2944
a	359	192	1750
a	150	165	643
a	187	160	375
a	22	355	367
a	135	192	1530
a	72	224	3040
a	172	75	3530
a	195	250	4314
a	474	303	3712
a	348	260	3975
a	263	301	846
a	195	139	2048
a	106	338	2812
a	489	362	3107
a	54	210	710
a	134	26	2588
a	300	310	3798
a	459	415	2359
a	459	364	4335
a	170	233	3642
a	152	372	3504
a	413	403	1819
a	124	112	1414
a	56	144	2836
a	389	154	429
a	190	127	4261
a	247	122	288
a	85	267	2461
a	18	180	268
a	398	104	956
a	251	236	4599
a	165	308	1423
a	350	240	683
a	216	244	3610
a	448	391	4091
a	491	475	2983
a	51	83	265
a	316	117	4411
a	500	458	4376
a	325	225	354
a	26	142	3810
a	248	274	451
a	35	340	3709
a	188	174	1442
a	206	318	594
a	408	497	2641
a	257	156	4181
a	239	291	4516
a	77	388	131
a	205	335	3408
a	139	33	2084
a	34	200	3709
a	21	446	4541
a	152	3	1751
a	390	156	3072
a	375	148	2928
a	20	463	2491
a	223	320	4827
a	401	288	2978
a	294	53	772
a	355	41	3309
a	380	492	3672
a	108	422	812
a	246	60	1923
a	269	203	2110
a	355	404	446
a	330	90	2110
a	283	320	1327
a	231	142	3651
a	433	339	2145
a	175	342	1846
a	454	491	811
a	224	440	912
a	338	336	1457
a	302	79	3862
a	306	178	4470
a	12	96	4879
a	453	178	2584
a	245	304	3362
a	233	344	3891
a	210	56	3865
a	215	329	3949
a	428	22	2905
a	382	341	4753
a	456	215	359
a	1	108	4405
a	314	221	2675
a	426	499	4999
a	399	292	3617
a	314	332	1441
a	261	340	1901
a	417	62	1038
a	312	212	1324
a	494	60	2270
a	461	269	3302
a	470	37	1928
a	270	333	1519
a	398	262	2845
a	427	274	3729
a	184	125	2600
a	38	251	17
a	421	193	4244
a	204	215	2422
a	223	53	2039
a	398	211	2893
a	283	145	3173
a	74	310	2101
a	27	148	1454
a	264	354	3051
a	47	89	4473
a	93	491	4909
a	41	80	2297
a	168	109	1186
a	23	49	4698
a	226	191	3853
a	245	65	4889
a	46	146	4613
a	268	440	620
a	188	231	3460
a	173	373	849
a	211	190	2258
a	129	352	4313
a	337	389	2253
a	382	407	953
a	150	265	4481
a	314	14	2403
a	6	219	4721
a	210	318	3458
a	305	466	4076
a	6	106	4763
a	134	63	3259
a	52	476	3587
a	161	243	4516
a	418	258	1504
a	243	299	3141
a	265	141	3462
a	161	108	1733
a	180	312	4648
a	260	368	4270
a	228	12	4045
a	194	31	3472
a	29	222	4500
a	19	88	3775
a	20	391	366
a	241	24	1765
a	133	305	1819
a	397	380	3306
a	94	286	3323
a	375	275	4683
a	227	264	3150
a	320	230	756
a	430	367	3677
a	23	484	4801
a	264	493	2064
a	88	241	2821
a	350	337	2095
a	387	489	4111
a	292	42	2291
a	221	476	218
a	315	8	1678
a	463	432	1184
a	40	289	2083
a	439	171	4580
a	352	115	1638
a	135	178	895
a	68	343	4736
a	333	198	1011
a	244	295	1319
a	263	159	1111
a	266	129	3654
a	177	346	572
a	309	365	1176
a	408	82	427
a	82	345	3846
a	72	479	2799
a	440	355	1064
a	300	311	2260
a	440	466	3610
a	275	403	4937
a	309	176	1898
a	474	241	3708
a	241	218	4271
a	109	483	828
a	146	367	1230
a	143	430	4120
a	204	136	1879
a	27	385	968
a	156	43	761
a	341	97	1597
a	51	263	1285
a	472	240	1266
a	133	277	4787
a	65	103	2163
a	89	105	1915
a	179	24	1751
a	364	100	1377
a	41	31	2019
a	216	19	3708
a	221	286	1399
a	192	12	2690
a	144	175	2510
a	383	62	2898
a	415	499	4787
a	74	179	4103
a	439	489	2269
a	328	314	174
a	444	496	2081
a	287	90	243
a	244	101	492
a	210	85	2570
a	102	79	2079
a	490	229	2334
a	78	23	3543
a	418	219	126
a	366	253	199
a	275	318	665
a	15	256	2152
a	104	59	2010
a	91	215	911
a	227	132	210
a	482	347	3566
a	51	498	2614
a	223	208	4901
a	170	492	712
a	136	84	3415
a	345	66	601
a	90	263	4025
a	5	318	442
a	198	289	3361
a	113	383	4809
a	388	345	203
a	302	259	2316
a	74	354	2429
a	433	449	1923
a	107	246	3198
a	168	114	596
a	421	352	559
a	355	484	3895
a	297	460	3191
a	173	161	4941
a	68	393	1503
a	383	304	4832
a	125	345	2912
a	183	121	1935
a	408	381	4886
a	300	187	1725
a	153	431	4321
a	10	352	4317
a	44	71	4713
a	447	410	4504
a	310	134	2161
a	314	333	964
a	176	166	646
a	450	285	1097
a	195	66	3556
a	219	88	1083
a	77	26	4896
a	426	274	1170
a	100	461	4833
a	321	488	3687
a	158	229	260
a	200	443	1034
a	39	162	857
a	427	132	3985
a	252	486	711
a	401	370	3663
a	464	286	1917
a	247	61	4671
a	184	237	806
a	494	398	1220
a	424	331	3617
a	375	270	1256
a	273	90	2677
a	481	287	3001
a	445	444	2392
a	320	155	4509
a	411	244	275
a	435	250	463
a	74	390	234
a	164	260	1319
a	151	127	2
a	444	235	4349
a	145	322	443
a	311	373	36
a	169	324	2809
a	376	384	834
a	73	160	4604
a	273	422	1453
a	477	158	4922
a	206	452	2808
a	335	224	3993
a	442	230	1040
a	262	453	1549
a	159	71	3366
a	148	436	195
a	372	138	13
a	390	281	4371
a	471	198	2970
a	381	68	2786
a	22	308	1899
a	25	208	3242
a	462	447	649
a	319	274	2606
a	361	40	4039
a	486	400	1698
a	128	118	4087
a	256	170	4894
