p	max	500	5000
n	1	s	
n	2	t	
a	488	67	707
a	413	397	335
a	354	487	762
a	15	30	98
a	56	101	755
a	332	434	82
a	298	238	314
a	155	363	300
a	237	491	235
a	99	103	117
a	303	113	881
a	341	430	250
a	344	126	674
a	327	143	921
a	302	170	808
a	421	312	103
a	60	104	730
a	84	102	777
a	50	18	687
a	433	154	922
a	13	414	350
a	145	302	334
a	112	295	484
a	477	113	724
a	328	287	400
a	255	172	947
a	196	286	571
a	490	127	148
a	148	473	479
a	254	127	235
a	419	134	506
a	230	196	546
a	276	500	104
a	172	69	928
a	266	142	908
a	417	298	190
a	399	494	785
a	183	327	795
a	183	500	116
a	261	282	60
a	91	93	522
a	440	467	548
a	228	82	591
a	483	279	315
a	63	96	660
a	460	140	385
a	464	343	330
a	308	488	183
a	19	119	24
a	275	225	591
a	170	9	434
a	298	194	936
a	265	283	448
a	307	176	11
a	240	381	347
a	170	408	712
a	84	454	55
a	398	136	367
a	65	23	727
a	86	399	260
a	368	255	41
a	248	421	65
a	377	7	857
a	325	239	892
a	387	452	950
a	297	326	598
a	117	77	939
a	448	214	995
a	306	140	58
a	35	342	531
a	373	356	173
a	126	356	541
a	490	448	914
a	1	459	392
a	44	318	182
a	68	180	844
a	451	213	281
a	390	112	317
a	239	3	975
a	440	256	935
a	115	446	794
a	11	331	343
a	289	109	398
a	241	372	926
a	149	457	964
a	265	196	32
a	398	296	267
a	427	296	468
a	318	210	454
a	247	88	159
a	194	68	381
a	32	407	443
a	213	472	950
a	108	273	158
a	193	53	538
a	29	423	638
a	288	239	638
a	326	363	401
a	322	450	268
a	112	129	564
a	60	161	882
a	83	256	149
a	69	317	63
a	127	75	711
a	70	153	521
a	164	86	554
a	405	445	252
a	35	80	486
a	196	485	537
a	277	100	172
a	176	121	228
a	243	51	349
a	68	78	881
a	286	29	91
a	196	155	94
a	314	330	333
a	90	164	824
a	91	133	374
a	76	343	444
a	78	445	190
a	11	452	226
a	360	162	412
a	401	369	519
a	165	488	540
a	237	117	655
a	118	408	211
a	446	387	507
a	284	42	62
a	269	442	47
a	368	379	151
a	293	389	693
a	113	137	717
a	60	496	318
a	167	428	400
a	344	99	596
a	401	44	266
a	169	24	375
a	269	237	944
a	217	260	149
a	113	491	691
a	60	214	201
a	227	383	509
a	62	444	426
a	307	311	799
a	70	106	734
a	326	128	364
a	383	497	892
a	302	105	67
a	467	42	380
a	175	485	195
a	476	164	419
a	500	34	944
a	339	228	442
a	358	128	307
a	224	164	185
a	73	385	324
a	475	277	52
a	225	334	207
a	234	148	360
a	343	282	469
a	382	484	298
a	244	461	841
a	462	303	930
a	484	291	702
a	11	181	934
a	158	183	796
a	176	466	842
a	270	444	571
a	280	336	589
a	194	234	926
a	219	325	793
a	369	80	179
a	389	163	340
a	165	396	938
a	94	482	743
a	189	278	987
a	425	224	247
a	5	484	769
a	237	379	644
a	38	116	959
a	350	53	717
a	28	297	650
a	340	235	895
a	278	289	117
a	258	213	235
a	166	490	828
a	301	273	827
a	231	208	760
a	164	31	937
a	151	352	440
a	141	394	325
a	159	58	124
a	144	257	895
a	276	262	548
a	3	454	185
a	300	124	831
a	339	478	998
a	73	270	956
a	25	179	858
a	232	489	617
a	309	363	773
a	257	448	42
a	239	238	412
a	357	95	902
a	489	367	785
a	261	170	546
a	389	485	871
a	263	460	572
a	67	215	152
a	399	60	515
a	134	315	351
a	137	485	993
a	265	56	275
a	213	338	16
a	327	302	641
a	412	40	271
a	158	476	806
a	223	254	439
a	63	321	336
a	380	459	59
a	143	473	786
a	94	361	153
a	331	230	842
a	278	483	599
a	62	282	302
a	445	114	391
a	302	485	277
a	409	481	325
a	108	242	866
a	235	241	609
a	74	177	376
a	480	248	500
a	206	402	339
a	433	103	587
a	382	66	456
a	35	4	413
a	97	323	283
a	183	309	974
a	371	13	732
a	419	387	330
a	77	227	478
a	295	300	769
a	498	440	791
a	172	185	15
a	82	315	108
a	343	32	949
a	10	63	178
a	210	407	710
a	180	323	542
a	464	22	474
a	284	289	325
a	379	229	522
a	63	391	915
a	464	308	828
a	434	468	937
a	223	210	956
a	392	32	792
a	89	218	791
a	194	359	101
a	322	336	622
a	363	356	781
a	331	130	557
a	377	448	630
a	123	292	134
a	491	440	860
a	117	270	304
a	65	355	750
a	467	307	361
a	433	455	696
a	212	101	91
a	231	139	719
a	335	409	264
a	396	51	571
a	36	26	232
a	3	211	561
a	386	249	969
a	117	209	832
a	362	232	900
a	96	67	491
a	206	136	743
a	408	383	602
a	135	244	372
a	235	392	470
a	310	122	222
a	21	253	208
a	205	368	736
a	49	204	765
a	24	446	741
a	153	350	614
a	281	273	219
a	462	323	814
a	324	352	615
a	276	131	41
a	370	226	434
a	389	428	456
a	228	132	635
a	214	339	176
a	422	300	415
a	194	135	330
a	398	261	841
a	194	54	48
a	345	130	496
a	76	54	214
a	303	377	979
a	496	129	646
a	265	338	281
a	75	71	819
a	421	95	550
a	273	88	206
a	368	90	995
a	354	5	908
a	184	444	93
a	64	146	68
a	409	473	797
a	3	17	676
a	131	100	648
a	60	70	69
a	258	206	44
a	448	224	383
a	144	233	342
a	98	352	690
a	335	125	904
a	64	303	676
a	432	259	678
a	396	422	481
a	16	66	295
a	330	430	314
a	386	332	160
a	139	140	808
a	486	37	802
a	126	12	288
a	174	390	70
a	254	208	657
a	138	479	430
a	281	493	911
a	285	269	981
a	239	58	463
a	176	467	680
a	228	15	426
a	308	103	856
a	312	98	372
a	100	193	310
a	56	103	45
a	165	395	505
a	494	313	226
a	63	300	699
a	119	84	457
a	137	170	44
a	341	74	932
a	416	127	397
a	402	190	430
a	435	58	280
a	327	137	891
a	331	330	397
a	217	359	364
a	113	406	942
a	188	416	446
a	306	23	686
a	454	423	558
a	192	82	855
a	93	238	45
a	442	422	880
a	315	156	317
a	106	154	765
a	13	382	401
a	125	287	425
a	1	143	216
a	348	226	317
a	183	163	991
a	305	273	352
a	210	142	685
a	68	112	563
a	305	354	127
a	441	162	535
a	124	319	749
a	489	366	45
a	125	210	270
a	209	95	767
a	63	140	321
a	484	87	359
a	295	105	434
a	205	235	708
a	57	76	210
a	369	482	897
a	42	280	228
a	260	343	457
a	392	295	832
a	57	189	873
a	260	486	593
a	460	142	791
a	449	443	184
a	393	195	716
a	473	45	217
a	375	466	777
a	42	205	632
a	355	158	479
a	435	22	314
a	23	295	342
a	62	490	338
a	411	190	206
a	140	336	55
a	28	445	474
a	491	253	611
a	40	83	702
a	226	354	568
a	359	2	386
a	396	8	139
a	145	264	752
a	477	83	239
a	278	44	53
a	154	118	174
a	248	133	51
a	175	412	642
a	268	210	246
a	69	121	682
a	7	324	634
a	248	99	178
a	361	452	113
a	452	21	850
a	239	303	465
a	115	245	53
a	73	297	614
a	300	496	618
a	196	161	278
a	474	271	283
a	172	186	522
a	488	255	202
a	253	274	445
a	471	351	308
a	39	187	342
a	332	135	450
a	114	248	756
a	242	5	333
a	485	367	521
a	425	396	698
a	161	410	305
a	252	332	333
a	114	301	900
a	271	363	21
a	497	268	221
a	84	484	334
a	47	208	563
a	284	230	253
a	23	331	555
a	74	353	107
a	292	312	199
a	94	100	683
a	402	424	581
a	430	426	862
a	434	25	948
a	478	342	420
a	117	446	408
a	178	18	931
a	457	89	699
a	258	154	239
a	433	160	187
a	141	239	718
a	164	80	410
a	406	253	200
a	69	93	357
a	268	246	507
a	88	458	774
a	174	248	1
a	45	117	92
a	115	209	465
a	405	157	118
a	324	67	415
a	253	99	105
a	1	96	839
a	441	361	435
a	266	68	797
a	232	290	125
a	34	232	283
a	210	489	972
a	200	303	210
a	20	26	515
a	266	422	238
a	357	487	942
a	285	74	348
a	43	24	869
a	134	369	185
a	119	301	882
a	393	57	829
a	379	128	521
a	271	56	189
a	440	124	95
a	460	71	748
a	161	422	157
a	327	497	413
a	407	441	8
a	119	115	73
a	80	321	382
a	193	102	592
a	455	482	615
a	482	92	250
a	467	496	888
a	412	311	78
a	41	459	723
a	320	158	975
a	433	401	396
a	88	106	241
a	307	392	425
a	145	37	658
a	37	31	920
a	430	454	568
a	434	61	351
a	307	313	724
a	69	287	354
a	415	295	770
a	387	286	301
a	444	341	594
a	144	121	712
a	1	384	765
a	349	80	629
a	432	260	352
a	291	75	829
a	281	33	130
a	139	143	29
a	49	13	126
a	230	76	651
a	305	155	306
a	206	229	963
a	116	99	410
a	465	349	112
a	181	425	264
a	115	173	535
a	404	136	790
a	25	213	386
a	447	298	150
a	323	105	638
a	205	117	166
a	281	413	961
a	324	325	37
a	30	499	523
a	494	220	612
a	132	423	4
a	11	482	974
a	161	465	596
a	53	163	52
a	494	335	814
a	133	27	365
a	412	198	316
a	401	339	617
a	369	39	949
a	317	351	279
a	227	193	63
a	355	20	864
a	180	201	838
a	345	14	956
a	422	186	367
a	446	268	358
a	8	41	150
a	407	163	575
a	113	260	727
a	320	250	40
a	69	465	547
a	454	21	961
a	368	214	587
a	463	233	710
a	377	104	843
a	17	207	988
a	71	276	658
a	292	455	85
a	316	477	533
a	463	158	578
a	197	462	548
a	272	27	186
a	468	375	197
a	22	26	927
a	172	290	365
a	220	54	418
a	79	381	511
a	262	311	1000
a	428	75	566
a	471	231	861
a	129	98	474
a	385	442	674
a	186	343	734
a	276	213	369
a	48	348	280
a	30	92	906
a	495	304	713
a	336	103	517
a	209	239	878
a	247	448	962
a	156	257	726
a	485	475	918
a	56	149	990
a	132	298	147
a	143	426	865
a	354	377	768
a	303	304	412
a	218	280	554
a	321	17	822
a	491	321	178
a	143	328	987
a	146	156	436
a	166	219	46
a	136	410	197
a	123	282	681
a	397	493	778
a	317	182	867
a	377	411	834
a	320	117	797
a	302	197	703
a	236	313	63
a	429	190	706
a	164	61	634
a	225	57	110
a	297	468	519
a	139	489	730
a	233	359	233
a	49	85	389
a	286	266	928
a	129	477	773
a	432	42	521
a	438	496	985
a	319	343	518
a	381	250	894
a	418	100	947
a	475	125	367
a	461	2	894
a	81	230	638
a	172	187	46
a	252	137	921
a	348	404	305
a	441	46	671
a	276	233	355
a	228	226	721
a	493	258	664
a	24	241	950
a	85	456	514
a	43	76	514
a	299	486	20
a	312	27	194
a	354	426	761
a	156	148	367
a	203	147	539
a	133	228	271
a	85	155	133
a	194	498	371
a	86	204	400
a	472	208	957
a	113	371	882
a	27	143	138
a	448	23	688
a	107	234	119
a	331	482	893
a	245	104	158
a	93	164	441
a	383	478	238
a	121	43	835
a	211	169	813
a	202	492	490
a	59	365	520
a	187	400	177
a	481	179	365
a	376	471	798
a	36	107	267
a	258	445	323
a	12	236	337
a	68	260	672
a	201	189	882
a	22	445	83
a	462	52	539
a	144	331	618
a	456	77	148
a	48	6	244
a	183	392	873
a	357	405	227
a	485	160	865
a	200	336	437
a	318	256	518
a	413	52	568
a	449	320	678
a	53	255	939
a	251	58	739
a	398	37	250
a	265	336	864
a	53	401	62
a	479	491	409
a	26	195	903
a	175	486	161
a	382	190	151
a	499	495	113
a	233	319	922
a	395	24	609
a	442	85	958
a	372	150	20
a	428	96	996
a	211	272	511
a	346	489	484
a	291	424	346
a	182	147	652
a	177	305	548
a	34	154	595
a	125	91	231
a	115	93	753
a	372	436	487
a	181	330	461
a	427	87	739
a	479	152	513
a	461	445	705
a	191	276	488
a	375	91	594
a	252	262	348
a	274	224	597
a	113	72	312
a	313	382	199
a	131	390	232
a	460	330	534
a	155	284	18
a	19	317	473
a	231	414	604
a	472	55	596
a	436	402	770
a	131	164	15
a	26	402	644
a	62	460	182
a	264	259	896
a	51	125	147
a	14	371	418
a	496	284	298
a	166	414	44
a	154	382	892
a	168	78	985
a	259	153	991
a	102	491	68
a	69	242	631
a	112	347	123
a	130	406	349
a	173	340	925
a	457	225	526
a	206	292	902
a	151	381	89
a	69	20	745
a	130	184	156
a	386	302	73
a	315	124	162
a	305	134	615
a	328	225	858
a	272	329	610
a	92	74	711
a	277	40	691
a	386	449	489
a	319	306	914
a	233	53	913
a	370	326	113
a	82	338	286
a	390	27	39
a	72	452	378
a	10	6	451
a	394	185	158
a	260	337	783
a	449	264	713
a	322	54	12
a	450	99	700
a	436	50	228
a	57	195	415
a	260	480	380
a	100	231	639
a	275	229	176
a	483	70	693
a	66	162	378
a	380	454	993
a	374	236	60
a	127	492	306
a	199	19	864
a	492	31	544
a	246	42	890
a	74	331	580
a	278	337	872
a	154	291	318
a	374	398	8
a	71	362	797
a	145	492	271
a	293	188	13
a	338	358	163
a	88	321	669
a	362	243	214
a	443	94	833
a	432	461	170
a	70	339	84
a	414	348	815
a	234	88	277
a	415	173	305
a	310	413	24
a	12	303	86
a	116	203	925
a	408	4	166
a	443	429	787
a	399	462	951
a	77	224	860
a	115	21	471
a	208	337	749
a	423	500	81
a	210	259	478
a	120	381	711
a	57	396	757
a	366	134	42
a	6	55	194
a	11	335	708
a	232	230	553
a	162	209	235
a	167	64	911
a	280	284	575
a	483	311	924
a	270	379	338
a	440	98	690
a	242	229	864
a	119	105	577
a	137	151	145
a	320	406	492
a	368	418	156
a	497	258	6
a	160	446	924
a	421	9	639
a	160	301	340
a	329	426	630
a	37	121	281
a	212	497	322
a	350	274	28
a	297	422	105
a	70	157	529
a	97	17	451
a	340	371	15
a	36	148	960
a	335	184	415
a	489	232	536
a	254	40	394
a	384	332	716
a	408	322	78
a	45	115	861
a	24	274	928
a	116	184	183
a	408	241	408
a	229	359	23
a	162	416	508
a	381	44	554
a	67	485	126
a	441	216	507
a	464	215	903
a	337	95	303
a	346	167	50
a	241	443	753
a	134	228	617
a	497	226	570
a	423	254	714
a	413	420	403
a	128	316	1000
a	51	420	265
a	53	254	1000
a	29	357	975
a	322	145	335
a	327	384	799
a	448	295	587
a	249	460	340
a	321	47	273
a	341	36	602
a	53	400	621
a	365	350	371
a	74	304	989
a	492	103	203
a	350	93	841
a	457	281	26
a	95	299	802
a	140	282	683
a	14	263	98
a	71	306	22
a	374	353	523
a	141	128	998
a	306	193	986
a	362	297	40
a	406	44	475
a	476	160	155
a	117	178	775
a	116	109	835
a	480	385	674
a	92	22	749
a	384	199	784
a	408	205	30
a	438	441	762
a	81	156	239
a	263	198	771
a	447	421	349
a	489	375	246
a	34	10	781
a	147	473	503
a	135	264	98
a	229	125	533
a	285	443	649
a	125	188	572
a	346	187	226
a	275	381	631
a	208	71	791
a	389	30	244
a	199	379	468
a	389	175	432
a	431	356	105
a	180	36	257
a	39	419	999
a	294	228	131
a	388	105	328
a	228	360	279
a	161	305	931
a	380	419	49
a	331	97	272
a	189	131	832
a	169	239	914
a	170	304	820
a	340	128	646
a	160	486	45
a	288	299	323
a	64	241	586
a	409	442	356
a	338	496	388
a	282	168	830
a	487	38	907
a	236	358	811
a	454	309	39
a	301	414	578
a	432	339	432
a	231	93	659
a	442	276	775
a	305	52	870
a	13	379	72
a	487	260	364
a	10	451	442
a	101	386	5
a	376	127	626
a	343	325	774
a	257	58	59
a	187	185	593
a	405	98	217
a	305	278	232
a	34	332	779
a	310	33	623
a	475	226	990
a	438	490	569
a	44	117	382
a	101	356	354
a	233	52	112
a	310	208	688
a	451	26	323
a	128	87	390
a	152	93	492
a	190	437	867
a	10	7	695
a	253	267	640
a	389	481	379
a	228	95	226
a	321	427	782
a	11	435	430
a	322	55	74
a	242	254	479
a	299	269	94
a	271	227	420
a	223	250	666
a	375	431	885
a	199	125	602
a	455	23	674
a	99	57	528
a	227	76	155
a	247	145	834
a	445	398	176
a	320	216	841
a	273	182	728
a	481	36	387
a	26	137	7
a	433	185	323
a	254	339	55
a	178	335	351
a	405	420	784
a	196	383	527
a	305	80	569
a	475	288	772
a	384	353	785
a	315	411	319
a	120	49	561
a	384	272	493
a	385	73	699
a	205	328	849
a	314	81	269
a	48	141	638
a	176	82	696
a	486	450	646
a	253	461	106
a	63	173	832
a	91	188	630
a	156	496	718
a	470	16	56
a	147	239	224
a	425	497	870
a	344	366	189
a	331	88	310
a	425	147	938
a	363	459	925
a	145	173	376
a	170	264	509
a	250	58	243
a	355	413	892
a	273	146	497
a	193	475	876
a	468	203	559
a	142	396	121
a	329	139	271
a	429	160	536
a	49	260	969
a	411	445	780
a	382	128	764
a	443	12	234
a	26	28	846
a	396	446	995
a	291	80	313
a	44	392	146
a	64	374	926
a	376	72	744
a	233	321	925
a	215	465	620
a	159	254	161
a	272	402	466
a	7	216	131
a	125	151	532
a	253	322	883
a	294	396	758
a	9	268	625
a	263	387	521
a	403	4	686
a	191	109	491
a	285	248	566
a	412	253	634
a	240	476	575
a	5	122	951
a	209	471	24
a	464	276	969
a	75	490	932
a	460	288	602
a	283	249	822
a	375	407	257
a	217	109	225
a	425	24	556
a	227	388	928
a	397	418	925
a	278	431	733
a	207	364	613
a	283	436	806
a	331	384	507
a	248	482	553
a	382	188	731
a	73	59	826
a	221	147	202
a	97	429	305
a	305	152	5
a	258	270	839
a	102	9	326
a	381	94	949
a	404	139	835
a	7	30	811
a	290	14	881
a	438	446	481
a	186	463	993
a	205	481	391
a	43	458	962
a	333	172	408
a	441	138	769
a	450	456	326
a	441	100	964
a	289	40	940
a	270	385	631
a	399	39	884
a	312	247	717
a	214	93	40
a	252	256	127
a	113	78	763
a	241	17	209
a	403	367	563
a	412	487	747
a	307	203	859
a	401	114	611
a	351	242	595
a	133	331	865
a	445	105	688
a	412	278	856
a	65	446	53
a	264	261	671
a	430	374	552
a	84	253	35
a	383	3	769
a	112	206	868
a	122	283	905
a	268	91	793
a	207	102	990
a	391	287	169
a	36	94	515
a	141	389	785
a	92	469	788
a	480	63	623
a	463	302	765
a	22	379	510
a	211	302	740
a	414	497	693
a	471	81	772
a	54	59	339
a	309	374	231
a	312	454	128
a	346	378	3
a	281	461	872
a	452	497	203
a	181	221	411
a	461	381	544
a	357	316	324
a	241	211	345
a	461	462	746
a	165	474	53
a	20	307	912
a	133	124	331
a	369	192	472
a	398	227	42
a	66	211	408
a	375	351	478
a	191	488	301
a	237	346	481
a	95	76	213
a	448	415	374
a	108	457	137
a	363	268	543
a	274	375	403
a	27	85	970
a	317	179	961
a	212	479	909
a	268	281	415
a	364	242	635
a	468	176	76
a	396	181	725
a	35	463	987
a	49	360	314
a	25	112	194
a	315	410	748
a	291	405	340
a	295	453	531
a	499	86	12
a	489	44	401
a	324	107	528
a	162	410	836
a	385	249	578
a	372	383	357
a	312	482	429
a	314	176	341
a	333	116	633
a	336	280	375
a	6	154	375
a	101	232	29
a	360	430	928
a	87	69	933
a	52	492	76
a	417	185	183
a	299	61	241
a	157	40	58
a	270	377	736
a	398	306	23
a	80	202	268
a	407	401	398
a	446	489	874
a	179	302	27
a	269	400	708
a	327	414	374
a	242	370	518
a	270	10	128
a	118	336	255
a	249	423	322
a	469	170	766
a	458	189	813
a	231	416	462
a	166	341	361
a	197	353	173
a	179	234	830
a	406	407	946
a	142	397	683
a	64	425	744
a	69	200	201
a	73	141	411
a	456	259	604
a	164	92	356
a	230	469	533
a	453	186	138
a	420	309	280
a	201	162	809
a	150	357	484
a	414	446	473
a	129	62	118
a	475	188	397
a	314	229	83
a	334	224	579
a	486	495	583
a	471	25	547
a	423	410	466
a	78	229	359
a	275	355	82
a	30	411	696
a	343	176	361
a	91	155	807
a	318	406	113
a	321	402	138
a	483	341	520
a	146	287	464
a	437	300	456
a	216	487	82
a	86	13	130
a	5	121	873
a	29	355	755
a	288	35	656
a	398	40	251
a	56	63	1
a	322	286	107
a	14	491	961
a	146	227	664
a	496	100	381
a	354	30	317
a	407	8	677
a	47	97	224
a	88	110	859
a	89	475	939
a	500	411	846
a	112	163	74
a	278	142	403
a	226	183	364
a	46	154	623
a	301	295	555
a	487	60	490
a	197	470	154
a	272	51	604
a	70	108	543
a	231	59	592
a	164	112	268
a	93	54	285
a	130	32	548
a	444	448	426
a	500	40	116
a	409	24	336
a	103	210	713
a	324	141	314
a	287	27	549
a	384	298	969
a	103	291	741
a	452	105	778
a	220	477	361
a	11	90	562
a	336	337	290
a	394	49	640
a	253	500	748
a	181	343	768
a	276	61	797
a	186	447	527
a	63	151	624
a	404	345	776
a	191	51	22
a	484	15	485
a	158	200	767
a	399	38	968
a	313	161	73
a	170	250	46
a	208	57	465
a	488	473	818
a	265	407	736
a	407	473	408
a	318	236	691
a	89	228	69
a	492	167	325
a	331	99	923
a	155	273	845
a	492	54	763
a	240	167	411
a	203	45	127
a	140	474	76
a	402	349	275
a	207	466	324
a	359	311	565
a	179	181	138
a	316	106	906
a	326	87	134
a	222	132	332
a	457	21	736
a	187	364	165
a	150	80	734
a	468	371	46
a	276	268	315
a	315	494	23
a	453	404	537
a	314	42	672
a	225	477	58
a	239	244	784
a	185	168	53
a	428	500	185
a	266	491	285
a	323	214	830
a	295	100	117
a	357	315	200
a	389	112	110
a	132	278	20
a	488	324	683
a	492	372	180
a	482	318	121
a	155	332	566
a	397	263	705
a	18	60	32
a	38	59	103
a	446	300	90
a	60	438	485
a	354	87	231
a	65	488	758
a	341	316	644
a	496	315	541
a	340	388	294
a	472	308	622
a	329	237	821
a	102	394	294
a	250	361	874
a	454	279	567
a	59	325	924
a	352	457	992
a	340	346	377
a	106	251	368
a	235	277	595
a	129	416	844
a	40	261	620
a	372	90	627
a	7	323	294
a	339	275	214
a	358	477	107
a	31	73	698
a	235	418	563
a	404	221	141
a	277	73	952
a	44	196	35
a	172	401	797
a	72	5	296
a	404	76	922
a	451	107	870
a	471	116	336
a	419	393	510
a	257	294	399
a	55	373	936
a	120	384	17
a	234	392	475
a	346	206	711
a	385	410	450
a	464	125	345
a	392	490	138
a	54	294	217
a	110	142	448
a	111	179	816
a	261	136	594
a	29	124	990
a	270	382	280
a	143	244	538
a	423	164	5
a	464	411	438
a	321	294	176
a	416	222	202
a	19	43	681
a	136	205	837
a	179	305	118
a	166	25	745
a	29	271	137
a	302	408	321
a	85	8	438
a	74	283	495
a	436	422	569
a	255	344	687
a	478	57	179
a	8	229	987
a	407	231	24
a	274	344	275
a	420	193	278
a	258	228	188
a	264	429	832
a	178	15	236
a	396	90	876
a	121	47	831
a	457	45	707
a	154	87	354
a	376	475	243
a	211	26	717
a	103	88	661
a	468	427	732
a	70	291	705
a	291	82	637
a	373	498	515
a	286	475	918
a	348	48	134
a	258	296	644
a	230	52	2
a	395	65	134
a	414	447	220
a	162	332	182
a	314	115	1000
a	138	293	54
a	286	245	450
a	208	417	789
a	262	130	428
a	300	465	959
a	10	251	558
a	157	376	691
a	347	22	47
a	239	44	434
a	423	405	177
a	357	401	966
a	266	419	187
a	91	154	444
a	275	467	991
a	422	294	919
a	63	80	945
a	460	124	905
a	354	475	771
a	299	454	645
a	378	469	233
a	416	250	205
a	470	429	175
a	165	401	215
a	185	307	576
a	479	49	366
a	29	354	553
a	27	321	275
a	113	275	722
a	250	92	728
a	433	404	386
a	231	455	321
a	216	36	81
a	307	399	341
a	17	85	311
a	278	284	983
a	409	419	943
a	255	82	310
a	457	120	302
a	406	35	751
a	487	396	253
a	255	176	613
a	150	36	809
a	384	444	984
a	272	353	667
a	304	82	759
a	281	326	602
a	229	408	639
a	499	190	359
a	372	432	664
a	465	114	541
a	471	60	879
a	312	411	268
a	24	15	642
a	447	55	554
a	162	165	223
a	474	115	770
a	111	122	272
a	461	343	680
a	392	418	530
a	484	8	573
a	285	41	598
a	147	184	159
a	147	41	409
a	18	326	480
a	8	496	209
a	85	238	234
a	237	483	129
a	321	8	199
a	194	310	506
a	218	432	800
a	19	321	291
a	378	58	126
a	340	242	496
a	250	112	40
a	248	401	518
a	141	80	100
a	481	29	553
a	64	99	807
a	220	237	7
a	383	355	253
a	384	408	346
a	334	396	105
a	120	24	622
a	21	206	63
a	408	44	982
a	77	248	654
a	115	61	422
a	484	206	461
a	488	137	570
a	152	416	445
a	147	359	621
a	167	190	5
a	299	270	604
a	251	9	31
a	143	433	958
a	320	398	669
a	270	44	363
a	308	359	941
a	351	67	310
a	479	414	643
a	65	126	999
a	85	115	178
a	29	475	663
a	194	282	74
a	38	395	916
a	298	492	73
a	354	84	326
a	344	34	623
a	481	351	811
a	50	460	722
a	88	39	45
a	352	347	751
a	278	183	310
a	481	57	999
a	168	189	845
a	451	447	122
a	206	183	100
a	499	427	326
a	139	202	275
a	451	332	282
a	82	16	501
a	232	445	58
a	77	267	292
a	465	41	212
a	157	403	801
a	120	385	535
a	428	330	71
a	67	410	655
a	48	494	313
a	342	256	19
a	290	423	389
a	366	138	720
a	134	252	232
a	67	43	647
a	204	368	485
a	380	145	518
a	111	291	352
a	104	179	828
a	323	467	229
a	308	37	610
a	42	393	469
a	119	101	581
a	322	312	137
a	271	369	586
a	131	450	697
a	60	484	365
a	122	157	685
a	14	444	731
a	17	104	88
a	409	454	899
a	141	7	395
a	202	55	852
a	355	495	836
a	140	193	893
a	69	182	46
a	480	155	517
a	207	88	93
a	226	499	773
a	304	216	393
a	489	236	952
a	390	298	657
a	183	225	275
a	103	398	582
a	34	371	825
a	404	97	483
a	395	302	288
a	6	132	71
a	262	18	50
a	48	394	283
a	33	314	462
a	333	487	56
a	318	261	148
a	418	359	102
a	132	457	219
a	446	169	789
a	422	438	360
a	336	179	566
a	251	64	853
a	86	3	697
a	161	440	691
a	241	106	654
a	252	366	293
a	15	178	463
a	38	241	877
a	114	331	455
a	369	142	648
a	28	63	256
a	421	88	454
a	260	218	435
a	412	269	11
a	62	469	457
a	65	320	156
a	28	332	197
a	283	393	82
a	37	234	971
a	487	62	132
a	164	227	384
a	480	200	245
a	406	32	393
a	373	179	356
a	1	410	759
a	83	2	274
a	248	195	101
a	348	102	936
a	106	48	592
a	126	55	375
a	385	5	624
a	410	496	548
a	305	238	893
a	346	498	346
a	384	219	291
a	276	473	459
a	295	399	693
a	423	346	401
a	390	417	302
a	135	102	491
a	101	332	162
a	465	480	284
a	346	357	351
a	106	357	46
a	147	477	414
a	10	111	287
a	87	15	851
a	369	366	124
a	360	119	702
a	181	119	150
a	256	338	742
a	303	452	972
a	256	449	630
a	494	337	582
a	137	66	900
a	425	351	12
a	166	38	367
a	448	263	345
a	193	68	627
a	142	15	244
a	455	444	420
a	467	402	886
a	145	106	307
a	164	466	185
a	278	334	875
a	298	408	865
a	268	368	163
a	341	294	473
a	400	184	753
a	481	28	139
a	448	195	199
a	47	357	962
a	340	465	864
a	35	421	881
a	145	293	320
a	310	360	561
a	64	258	796
a	410	306	310
a	102	206	451
a	257	141	676
a	44	339	556
a	10	463	891
a	480	417	399
a	172	431	430
a	82	45	693
a	414	500	727
a	346	470	735
a	348	360	190
a	404	170	628
a	215	248	56
a	452	222	340
a	186	494	215
a	152	50	667
a	426	433	211
a	461	24	257
a	72	457	990
a	162	87	215
a	183	463	773
a	186	337	12
a	319	31	997
a	413	70	97
a	403	208	587
a	497	221	242
a	252	65	148
a	446	97	740
a	284	324	234
a	214	13	856
a	294	181	79
a	66	12	888
a	379	63	637
a	252	295	701
a	380	364	546
a	56	10	160
a	321	122	99
a	434	443	717
a	180	171	138
a	5	448	662
a	479	409	350
a	136	49	561
a	259	333	827
a	40	203	412
a	131	20	255
a	64	209	268
a	397	201	203
a	326	177	997
a	26	149	56
a	429	184	126
a	50	47	227
a	97	8	731
a	410	231	97
a	174	116	272
a	35	302	441
a	201	58	433
a	97	121	327
a	106	249	926
a	126	252	710
a	201	139	471
a	55	81	439
a	384	276	373
a	96	46	351
a	404	223	919
a	405	130	209
a	135	25	491
a	182	92	916
a	452	306	422
a	148	75	489
a	149	254	759
a	256	252	130
a	275	328	379
a	58	184	839
a	48	382	34
a	205	136	748
a	295	10	584
a	389	449	420
a	493	141	462
a	351	371	569
a	247	418	840
a	109	445	925
a	57	226	943
a	136	207	695
a	86	87	977
a	170	466	396
a	189	342	372
a	216	300	491
a	89	34	375
a	388	444	725
a	249	420	796
a	155	72	382
a	86	416	34
a	329	429	833
a	457	352	252
a	19	489	107
a	117	278	139
a	50	497	764
a	197	366	976
a	420	195	963
a	373	45	169
a	13	76	381
a	477	176	698
a	304	330	90
a	453	167	317
a	92	489	637
a	36	145	222
a	310	336	107
a	258	439	486
a	262	471	931
a	339	320	222
a	395	242	770
a	129	386	156
a	319	403	820
a	452	112	420
a	415	140	812
a	480	361	879
a	495	35	126
a	200	199	325
a	381	152	813
a	78	232	536
a	461	32	888
a	300	354	817
a	110	313	433
a	57	435	500
a	6	20	723
a	484	22	962
a	147	158	639
a	483	342	190
a	380	182	481
a	185	448	56
a	9	18	62
a	75	273	528
a	294	253	460
a	298	240	311
a	156	101	240
a	179	444	780
a	363	427	164
a	165	241	168
a	155	423	293
a	198	379	13
a	184	469	706
a	41	460	550
a	278	419	940
a	8	131	703
a	448	73	777
a	14	264	745
a	17	228	590
a	202	40	17
a	95	423	137
a	487	57	549
a	40	18	533
a	26	205	350
a	463	48	610
a	406	144	991
a	468	457	786
a	141	413	33
a	239	398	334
a	3	324	875
a	415	211	322
a	21	168	586
a	172	452	267
a	68	245	533
a	286	324	326
a	381	90	452
a	96	214	375
a	234	300	931
a	33	340	235
a	414	187	870
a	157	203	245
a	323	255	495
a	181	197	810
a	399	178	350
a	241	346	426
a	265	186	108
a	284	353	598
a	474	147	826
a	431	355	715
a	455	153	713
a	66	88	789
a	32	488	469
a	216	373	528
a	303	293	796
a	331	100	538
a	469	254	545
a	435	2	216
a	455	447	884
a	278	476	267
a	322	400	939
a	363	292	263
a	166	257	938
a	41	40	535
a	355	328	457
a	86	488	820
a	481	418	706
a	144	190	191
a	17	192	637
a	74	51	350
a	126	487	165
a	277	495	383
a	225	22	855
a	139	450	263
a	12	76	111
a	267	265	183
a	468	382	371
a	383	365	237
a	192	487	208
a	233	285	443
a	499	126	718
a	12	257	154
a	103	320	616
a	201	456	804
a	244	298	97
a	67	275	942
a	450	441	965
a	461	23	885
a	262	72	138
a	135	474	598
a	263	289	201
a	138	74	799
a	414	151	209
a	128	44	805
a	21	287	867
a	299	213	874
a	11	345	602
a	87	18	591
a	369	265	4
a	370	34	370
a	9	328	182
a	488	312	762
a	80	226	646
a	8	287	439
a	321	200	964
a	247	78	394
a	214	125	962
a	87	481	21
a	75	473	694
a	204	131	814
a	136	163	335
a	374	230	822
a	302	387	209
a	434	267	645
a	179	500	424
a	145	196	791
a	179	101	138
a	329	432	992
a	259	477	65
a	478	211	278
a	51	95	985
a	292	403	731
a	60	151	985
a	448	177	231
a	231	158	901
a	175	326	374
a	287	408	335
a	457	421	679
a	93	345	941
a	22	223	626
a	352	349	712
a	139	494	119
a	304	431	246
a	340	357	60
a	201	57	160
a	330	415	968
a	106	230	6
a	148	391	583
a	40	264	859
a	221	215	725
a	499	429	458
a	248	107	10
a	414	326	728
a	291	409	245
a	22	283	573
a	153	472	477
a	319	463	352
a	358	419	752
a	54	104	356
a	385	253	636
a	404	79	811
a	208	440	287
a	295	342	175
a	474	279	981
a	333	112	271
a	280	68	318
a	120	387	787
a	489	306	371
a	471	486	713
a	57	406	556
a	423	208	539
a	360	176	688
a	473	375	326
a	54	468	486
a	261	6	964
a	209	349	930
a	284	425	69
a	393	150	910
a	19	44	194
a	209	494	152
a	293	262	333
a	403	314	787
a	422	106	26
a	469	197	90
a	434	348	325
a	223	106	805
a	118	340	764
a	104	482	669
a	29	445	593
a	327	184	373
a	271	480	240
a	296	276	853
a	354	118	862
a	212	392	233
a	216	75	583
a	86	417	458
a	491	435	313
a	296	50	836
a	226	175	31
a	130	425	219
a	476	299	423
a	25	310	2
a	430	255	526
a	453	166	544
a	475	176	806
a	314	225	40
a	6	235	428
a	135	397	420
a	148	104	811
a	471	394	91
a	110	318	799
a	498	36	819
a	137	330	243
a	485	314	449
a	285	66	305
a	252	27	86
a	474	13	612
a	294	272	745
a	369	465	782
a	6	420	909
a	342	127	746
a	134	395	305
a	242	402	171
a	28	57	42
a	170	326	759
a	99	116	642
a	402	373	440
a	118	35	273
a	166	373	100
a	478	314	779
a	61	242	202
a	154	404	809
a	374	379	413
a	126	456	75
a	97	198	804
a	306	330	721
a	168	375	302
a	480	185	835
a	116	341	519
a	129	380	857
a	55	250	237
a	463	337	735
a	385	27	911
a	339	460	544
a	116	154	566
a	11	94	480
a	267	168	173
a	399	415	508
a	148	157	561
a	115	34	113
a	312	414	475
a	183	485	947
a	370	172	791
a	427	63	806
a	300	327	646
a	105	169	447
a	336	115	938
a	426	140	274
a	323	429	627
a	322	207	199
a	32	183	623
a	435	178	1
a	316	247	752
a	246	112	243
a	98	59	599
a	481	417	616
a	306	12	222
a	17	199	983
a	292	94	792
a	420	107	609
a	477	70	647
a	279	304	981
a	410	129	954
a	174	94	344
a	50	152	72
a	490	467	977
a	480	69	187
a	279	417	814
a	174	201	356
a	106	421	370
a	25	185	897
a	82	442	363
a	176	59	329
a	72	124	601
a	399	499	546
a	385	257	201
a	295	258	908
a	153	285	906
a	465	83	783
a	489	341	153
a	367	156	774
a	333	476	525
a	343	135	762
a	30	471	590
a	158	296	516
a	20	329	921
a	5	155	727
a	423	188	574
a	336	238	432
a	199	341	850
a	479	229	258
a	66	10	348
a	275	234	807
a	294	58	198
a	355	56	340
a	65	194	556
a	427	487	473
a	146	5	9
a	293	498	82
a	132	48	367
a	467	451	248
a	198	305	662
a	142	233	217
a	424	270	394
a	154	298	717
a	193	320	83
a	292	412	225
a	353	154	833
a	212	75	376
a	420	56	740
a	169	376	414
a	16	485	380
a	145	263	787
a	463	491	217
a	69	96	524
a	36	127	662
a	201	56	370
a	420	286	747
a	225	162	625
a	25	458	939
a	382	72	526
a	438	174	640
a	182	163	524
a	220	18	598
a	451	222	289
a	79	462	214
a	244	271	118
a	45	298	163
a	447	362	995
a	385	365	932
a	120	388	605
a	261	355	454
a	158	407	930
a	455	211	787
a	427	434	232
a	160	215	564
a	179	309	831
a	380	370	85
a	146	470	106
a	259	282	567
a	42	150	809
a	425	38	426
a	374	195	65
a	122	152	287
a	85	20	204
a	41	470	441
a	496	125	678
a	62	316	775
a	322	473	141
a	368	135	106
a	118	119	716
a	411	149	950
a	288	472	723
a	373	43	855
a	340	420	91
a	50	126	103
a	59	500	16
a	359	89	607
a	163	306	326
a	406	138	281
a	178	365	56
a	201	212	578
a	477	319	994
a	480	13	107
a	79	31	61
a	233	331	163
a	305	118	380
a	439	231	459
a	334	459	224
a	44	277	175
a	462	60	525
a	36	369	321
a	125	79	45
a	257	405	293
a	399	299	718
a	172	151	43
a	462	329	569
a	138	3	850
a	417	88	1000
a	200	344	589
a	91	97	266
a	312	370	68
a	403	157	580
a	295	91	978
a	321	484	640
a	229	211	970
a	30	412	733
a	15	360	7
a	498	180	498
a	29	92	567
a	104	3	265
a	124	94	836
a	270	350	491
a	56	230	596
a	294	352	175
a	313	249	343
a	114	326	864
a	62	254	872
a	218	472	658
a	326	322	357
a	368	84	656
a	269	226	644
a	74	394	900
a	278	272	56
a	74	255	888
a	465	315	3
a	10	441	331
a	419	359	207
a	253	30	444
a	91	431	281
a	96	327	570
a	290	123	271
a	134	40	780
a	210	450	548
a	416	461	878
a	161	142	1
a	385	454	538
a	223	489	78
a	347	389	37
a	111	356	459
a	369	77	279
a	260	500	199
a	171	211	335
a	299	294	498
a	81	337	6
a	317	342	836
a	365	170	244
a	80	294	3
a	32	89	697
a	4	23	472
a	170	315	621
a	84	293	207
a	164	477	212
a	454	243	460
a	478	245	44
a	249	211	2
a	335	261	307
a	445	325	625
a	40	97	536
a	259	129	817
a	478	279	213
a	374	324	260
a	163	381	834
a	140	27	81
a	69	139	29
a	287	196	196
a	382	194	997
a	55	168	375
a	162	257	685
a	229	343	9
a	301	202	445
a	489	58	407
a	1	54	888
a	451	114	840
a	361	240	470
a	148	178	126
a	21	428	413
a	484	202	780
a	119	462	974
a	450	345	261
a	370	32	172
a	498	109	943
a	123	233	912
a	322	14	834
a	379	67	168
a	238	138	132
a	167	186	15
a	298	39	235
a	66	11	703
a	375	55	847
a	431	257	145
a	327	432	154
a	355	59	997
a	274	79	13
a	365	142	691
a	435	96	846
a	184	288	144
a	8	206	506
a	445	391	188
a	127	357	244
a	455	306	613
a	166	291	27
a	23	430	420
a	93	294	727
a	374	305	281
a	442	465	675
a	226	376	295
a	500	335	185
a	304	466	62
a	453	63	635
a	3	224	450
a	352	462	653
a	144	442	285
a	112	462	339
a	466	77	237
a	230	434	795
a	499	431	651
a	177	407	123
a	324	194	764
a	21	238	798
a	405	143	452
a	135	26	452
a	414	471	82
a	55	451	492
a	404	73	477
a	281	258	465
a	462	451	776
a	115	29	72
a	6	156	156
a	48	482	394
a	366	142	16
a	111	73	518
a	186	368	119
a	100	478	207
a	333	336	34
a	379	254	620
a	470	43	179
a	393	148	406
a	132	247	162
a	170	78	331
a	86	106	255
a	223	199	923
a	167	303	98
a	179	421	569
a	75	84	541
a	51	12	219
a	108	43	988
a	293	247	725
a	140	366	903
a	250	180	91
a	17	253	597
a	41	247	503
a	140	253	147
a	430	35	461
a	387	300	216
a	444	331	362
a	244	168	123
a	117	166	431
a	126	140	127
a	258	293	259
a	172	483	562
a	304	171	119
a	183	253	69
a	339	419	35
a	399	389	590
a	232	300	302
a	323	119	158
a	399	298	148
a	149	287	739
a	11	274	624
a	488	197	298
a	87	103	950
a	343	217	670
a	275	361	146
a	39	192	893
a	494	95	971
a	265	131	153
a	346	94	925
a	318	408	34
a	450	48	937
a	119	212	616
a	356	186	309
a	289	359	679
a	123	14	706
a	184	250	352
a	113	52	948
a	378	176	342
a	51	330	979
a	326	304	383
a	331	202	507
a	86	336	144
a	127	428	927
a	454	39	124
a	17	217	27
a	84	87	382
a	302	10	695
a	467	73	4
a	468	246	12
a	163	320	801
a	40	21	687
a	231	49	85
a	35	282	163
a	97	53	568
a	206	320	606
a	372	104	421
a	121	296	233
a	106	60	80
a	386	498	152
a	97	279	953
a	44	250	381
a	453	442	308
a	357	222	503
a	54	86	267
a	423	436	38
a	100	263	73
a	389	356	795
a	120	445	803
a	357	432	903
a	447	50	52
a	342	332	365
a	215	54	562
a	312	271	81
a	21	361	692
a	161	126	953
a	437	409	54
a	425	417	398
a	43	126	779
a	194	254	293
a	32	269	698
a	485	429	165
a	146	381	221
a	76	254	533
a	336	147	169
a	299	281	312
a	497	480	872
a	482	276	393
a	356	301	825
a	123	42	873
a	470	317	17
a	109	19	910
a	56	481	525
a	184	150	132
a	155	279	132
a	378	212	511
a	400	414	524
a	402	343	503
a	169	96	390
a	117	346	441
a	250	125	323
a	86	495	858
a	435	293	708
a	411	348	637
a	141	75	424
a	217	413	160
a	362	373	395
a	490	334	148
a	255	194	594
a	221	46	666
a	405	295	491
a	466	471	939
a	248	227	23
a	301	39	927
a	429	114	436
a	415	35	603
a	348	70	609
a	59	29	258
a	45	34	235
a	304	228	184
a	286	276	997
a	324	239	616
a	405	106	521
a	262	301	865
a	121	437	445
a	106	419	639
a	489	57	508
a	159	191	974
a	206	126	332
a	281	293	941
a	157	394	420
a	177	340	299
a	286	54	402
a	471	110	197
a	360	441	295
a	417	150	513
a	57	383	877
a	379	356	817
a	185	35	646
a	370	33	32
a	152	468	114
a	275	14	564
a	9	222	899
a	137	98	883
a	265	437	72
a	143	444	500
a	111	488	601
a	185	366	298
a	99	464	814
a	118	476	75
a	355	139	71
a	264	202	281
a	411	109	626
a	143	338	425
a	60	332	606
a	37	76	683
a	98	106	77
a	117	318	677
a	387	21	740
a	302	211	222
a	3	82	640
a	169	382	7
a	376	453	175
a	211	4	154
a	432	375	219
a	225	160	526
a	257	237	836
a	224	120	628
a	162	290	890
a	276	302	732
a	10	382	351
a	305	298	768
a	106	391	722
a	498	349	508
a	233	24	733
a	200	175	968
a	162	119	574
a	484	126	357
a	256	367	621
a	76	288	961
a	137	444	264
a	347	351	232
a	80	50	302
a	137	13	712
a	18	376	982
a	199	315	913
a	111	415	291
a	76	6	415
a	317	300	171
a	87	390	333
a	436	142	331
a	104	342	791
a	303	222	460
a	436	317	222
a	132	22	265
a	189	195	424
a	84	495	201
a	255	326	667
a	146	246	687
a	188	285	88
a	303	60	149
a	269	252	186
a	140	367	208
a	141	2	814
a	142	485	81
a	231	191	644
a	433	332	345
a	297	429	808
a	178	408	693
a	432	275	539
a	330	446	283
a	125	363	871
a	328	211	242
a	120	85	551
a	451	303	989
a	452	124	556
a	139	122	875
a	418	47	697
a	399	388	410
a	323	118	47
a	106	266	419
a	399	346	473
a	208	197	43
a	6	8	736
a	176	291	110
a	290	311	860
a	309	73	786
a	114	19	571
a	109	413	126
a	422	58	502
a	51	333	917
a	146	75	287
a	223	75	670
a	216	187	665
a	316	238	929
a	99	198	788
a	133	480	816
a	26	388	848
a	166	360	881
a	26	311	650
a	340	75	109
a	117	103	623
a	448	252	195
a	1	413	129
a	31	233	83
a	178	271	94
a	235	322	461
a	408	312	247
a	210	124	13
a	141	490	469
a	77	492	398
a	224	32	649
a	162	362	525
a	200	9	882
a	1	40	587
a	348	129	216
a	34	144	23
a	343	414	420
a	471	69	425
a	381	199	630
a	58	26	379
a	205	409	202
a	357	256	67
a	309	222	859
a	128	273	817
a	167	144	840
a	124	211	864
a	351	85	7
a	8	69	428
a	265	378	846
a	393	397	190
a	218	442	217
a	165	145	734
a	41	387	893
a	363	280	659
a	454	241	942
a	458	252	988
a	331	326	755
a	421	456	101
a	268	365	386
a	28	429	838
a	433	315	352
a	108	131	521
a	457	397	409
a	292	458	318
a	4	454	143
a	350	320	847
a	249	51	805
a	141	219	903
a	463	16	495
a	248	373	556
a	415	413	976
a	419	86	949
a	476	157	428
a	480	88	932
a	225	155	836
a	371	369	704
a	410	319	827
a	139	343	688
a	396	382	328
a	415	34	282
a	22	384	124
a	172	277	287
a	174	430	627
a	443	411	444
a	44	110	148
a	450	437	525
a	280	108	765
a	464	249	182
a	300	407	918
a	157	314	670
a	11	204	246
a	105	249	514
a	205	14	998
a	90	254	840
a	263	451	39
a	143	153	147
a	459	284	705
a	423	185	532
a	261	46	596
a	398	457	84
a	436	4	857
a	39	489	262
a	242	247	953
a	124	247	60
a	65	199	631
a	445	163	204
a	85	140	643
a	288	98	536
a	351	73	648
a	264	203	358
a	84	468	148
a	51	133	478
a	89	122	230
a	108	434	222
a	436	457	542
a	411	29	800
a	217	222	685
a	326	392	601
a	273	28	898
a	231	261	614
a	60	147	185
a	47	407	615
a	3	85	638
a	352	337	653
a	169	381	593
a	47	260	239
a	444	272	55
a	141	336	700
a	439	111	966
a	442	160	81
a	352	46	847
a	395	90	478
a	206	40	129
a	34	361	112
a	474	352	161
a	438	463	496
a	208	444	383
a	295	291	667
a	190	463	296
a	157	286	19
a	159	432	479
a	290	417	68
a	474	386	495
a	256	241	864
a	21	319	914
a	464	116	640
a	119	428	856
a	52	411	30
a	347	289	400
a	228	100	116
a	266	281	432
a	485	403	87
a	185	431	935
a	274	143	508
a	238	164	949
a	388	155	680
a	356	279	685
a	242	362	295
a	137	238	797
a	193	7	164
a	331	270	622
a	4	376	141
a	407	109	34
a	445	282	946
a	175	241	399
a	178	183	214
a	487	131	992
a	41	245	147
a	249	122	286
a	37	321	43
a	468	323	150
a	454	362	828
a	433	45	617
a	130	199	618
a	405	463	779
a	324	145	673
a	337	282	196
a	484	479	473
a	301	255	60
a	182	130	967
a	220	497	721
a	135	120	332
a	54	72	846
a	58	7	780
a	171	300	620
a	443	451	826
a	390	78	275
a	447	395	905
a	305	422	544
a	181	379	84
a	134	67	746
a	252	160	203
a	253	345	47
a	417	93	400
a	128	488	167
a	427	100	883
a	11	357	670
a	488	86	748
a	270	434	635
a	275	472	553
a	369	469	875
a	132	439	497
a	289	244	954
a	123	147	544
a	118	490	495
a	156	243	608
a	109	190	734
a	351	129	43
a	341	411	523
a	397	473	437
a	293	24	654
a	131	181	374
a	41	55	676
a	364	163	890
a	136	300	961
a	84	226	942
a	376	288	24
a	211	225	573
a	47	335	789
a	250	313	520
a	73	192	304
a	245	450	368
a	211	78	379
a	254	400	10
a	476	186	211
a	490	10	965
a	73	34	153
a	40	309	182
a	121	302	482
a	144	275	320
a	206	241	802
a	72	245	768
a	225	457	534
a	334	85	48
a	233	70	479
a	92	159	552
a	312	273	781
a	366	68	314
a	20	194	448
a	43	227	26
a	105	318	122
a	195	444	733
a	134	329	505
a	322	41	771
a	336	149	801
a	9	49	396
a	392	135	890
a	431	366	571
a	342	159	842
a	167	352	446
a	32	493	728
a	160	18	531
a	294	109	165
a	170	407	105
a	425	99	482
a	170	294	45
a	445	96	753
a	212	349	617
a	222	82	221
a	298	386	371
a	249	208	838
a	435	295	382
a	350	438	741
a	302	36	628
a	71	409	26
a	415	412	80
a	254	396	899
a	225	154	180
a	406	177	609
a	304	279	266
a	178	304	319
a	58	362	586
a	116	36	911
a	153	86	540
a	405	7	420
a	391	52	833
a	73	431	347
a	438	113	588
a	77	399	75
a	153	368	785
a	125	229	85
a	261	267	890
a	6	70	353
a	450	199	607
a	252	95	681
a	76	141	273
a	313	197	807
a	461	453	883
a	247	468	514
a	294	175	75
a	85	282	972
a	322	188	196
a	289	301	150
a	39	377	451
a	446	325	529
a	142	66	66
a	302	388	32
a	251	364	896
a	397	400	183
a	62	260	832
a	283	454	125
a	127	247	878
a	282	146	888
a	362	452	232
a	13	435	219
a	221	48	675
a	141	335	970
a	272	130	428
a	192	425	319
a	490	66	866
a	408	369	673
a	391	24	351
a	304	130	14
a	233	141	540
a	10	207	696
a	138	408	93
a	183	440	146
a	390	242	908
a	48	485	100
a	319	168	147
a	263	256	905
a	253	436	750
a	426	302	817
a	171	481	332
a	67	16	871
a	87	205	891
a	147	136	377
a	493	246	797
a	100	424	300
a	180	448	24
a	473	378	131
a	459	315	219
a	42	481	733
a	104	186	752
a	213	376	214
a	284	422	856
a	190	8	652
a	389	237	709
a	14	250	268
a	180	230	768
a	407	281	422
a	320	481	777
a	356	487	468
a	136	467	209
a	65	83	966
a	407	142	212
a	445	55	525
a	344	406	249
a	94	198	182
a	166	243	513
a	95	171	589
a	259	431	131
a	207	493	42
a	26	430	724
a	27	155	992
a	212	405	946
a	213	188	788
a	123	306	760
a	166	322	259
a	164	359	764
a	59	411	387
a	301	314	742
a	468	221	599
a	406	31	657
a	141	226	229
a	255	132	310
a	40	459	464
a	489	213	484
a	201	169	406
a	499	396	896
a	361	403	469
a	489	102	76
a	257	120	667
a	372	309	873
a	67	494	369
a	110	336	42
a	238	261	326
a	129	215	976
a	124	372	700
a	493	329	145
a	312	374	617
a	370	20	965
a	157	146	190
a	134	354	613
a	52	239	814
a	204	482	919
a	378	477	837
a	403	492	145
a	299	335	870
a	194	443	151
a	270	124	934
a	470	276	530
a	165	362	577
a	313	479	503
a	242	399	339
a	288	171	706
a	363	417	383
a	293	438	14
a	425	6	820
a	271	451	663
a	75	194	44
a	492	90	118
a	350	72	238
a	27	103	698
a	249	315	156
a	374	461	105
a	224	486	737
a	491	176	778
a	454	452	911
a	301	431	423
a	359	121	804
a	373	301	722
a	300	248	414
a	382	388	323
a	438	106	267
a	281	221	104
a	334	90	607
a	176	227	591
a	185	155	85
a	20	92	14
a	447	63	892
a	252	197	170
a	234	456	493
a	342	323	563
a	343	254	851
a	423	6	480
a	470	231	989
a	132	404	607
a	171	70	592
a	412	164	213
a	379	187	454
a	147	49	81
a	368	263	340
a	15	159	749
a	184	153	726
a	494	442	999
a	283	223	448
a	421	101	282
a	331	235	208
a	407	182	6
a	283	76	696
a	236	36	259
a	365	456	514
a	154	322	210
a	127	163	128
a	169	263	376
a	409	304	392
a	249	49	10
a	255	207	690
a	187	359	329
a	16	13	583
a	70	208	545
a	373	257	373
a	144	481	858
a	348	65	78
a	330	500	343
a	451	344	154
a	148	344	878
a	334	7	631
a	58	77	813
a	485	10	621
a	106	305	623
a	34	178	420
a	115	5	754
a	180	493	287
a	347	372	557
a	425	386	515
a	423	187	58
a	194	193	235
a	15	477	225
a	19	135	50
a	354	266	648
a	472	193	150
a	354	253	115
a	38	387	434
a	259	434	472
a	71	201	942
a	236	8	781
a	424	386	9
a	278	365	536
a	316	144	534
a	259	451	962
a	268	275	290
a	142	268	92
a	402	457	31
a	88	222	387
a	230	340	557
a	141	253	749
a	468	408	481
a	415	115	826
a	476	99	216
a	301	8	80
a	44	302	235
a	174	345	18
a	233	227	927
a	129	40	917
a	263	93	203
a	290	221	854
a	471	15	560
a	54	29	783
a	441	200	425
a	190	461	283
a	266	37	596
a	128	14	952
a	437	60	369
a	440	272	417
a	392	403	474
a	428	465	123
a	176	314	664
a	167	197	754
a	99	275	773
a	317	297	184
a	416	70	654
a	52	42	687
a	458	449	294
a	5	301	941
a	56	267	808
a	421	61	240
a	122	20	586
a	142	377	265
a	255	464	457
a	41	106	608
a	112	177	844
a	350	399	947
a	26	321	541
a	175	352	347
a	50	123	337
a	17	130	576
a	250	402	280
a	325	68	861
a	405	348	238
a	254	453	220
a	112	494	108
a	349	463	263
a	315	67	419
a	282	312	792
a	324	147	475
a	262	345	32
a	77	342	77
a	495	187	44
a	480	352	558
a	499	60	829
a	405	175	479
a	120	310	202
a	158	56	330
a	100	367	747
a	120	421	973
a	45	410	166
a	33	306	829
a	471	384	53
a	76	496	54
a	494	99	784
a	276	146	259
a	209	145	606
a	447	107	397
a	360	3	180
a	147	167	335
a	114	14	730
a	314	444	752
a	360	146	450
a	321	281	406
a	165	408	953
a	213	396	461
a	131	409	113
a	89	7	359
a	237	391	707
a	469	340	969
a	236	193	838
a	94	163	602
a	98	190	601
a	409	426	542
a	154	414	347
a	192	69	504
a	122	266	732
a	433	365	19
a	107	483	273
a	201	106	378
a	121	323	967
a	12	54	668
a	268	136	299
a	349	467	844
a	442	247	694
a	79	254	656
a	153	120	112
a	141	487	839
a	386	462	772
a	334	40	949
a	211	287	322
a	404	13	67
a	138	81	290
a	67	461	628
a	447	425	856
a	238	294	737
a	438	292	762
a	390	187	867
a	447	62	545
a	342	320	484
a	234	457	653
a	34	113	48
a	418	272	814
a	54	372	924
a	309	57	884
a	39	224	654
a	385	473	160
a	185	11	812
a	42	279	989
a	425	421	143
a	303	460	462
a	470	87	882
a	497	11	284
a	356	346	75
a	194	412	275
a	401	222	330
a	425	208	844
a	293	425	627
a	170	292	450
a	411	50	50
a	491	480	809
a	117	294	483
a	388	258	334
a	340	251	747
a	250	121	970
a	113	391	675
a	154	323	345
a	445	320	285
a	411	336	17
a	50	432	249
a	245	51	782
a	193	408	675
a	377	235	567
a	224	370	68
a	405	291	842
a	463	29	766
a	358	205	374
a	415	414	32
a	419	91	718
a	25	496	636
a	83	38	124
a	12	218	708
a	59	17	327
a	233	262	890
a	55	69	961
a	295	474	372
a	370	488	877
a	115	151	727
a	360	302	272
a	110	414	546
a	238	339	885
a	295	312	796
a	78	184	83
a	423	455	70
a	7	132	656
a	176	128	493
a	159	473	927
a	464	139	428
a	389	469	96
a	450	197	266
a	53	24	369
a	114	86	651
a	19	25	657
a	100	148	979
a	483	228	819
a	52	87	699
a	146	492	180
a	455	122	250
a	108	286	392
a	449	214	939
a	14	62	983
a	56	368	984
a	368	2	358
a	95	177	405
a	250	157	412
a	468	84	988
a	396	217	24
a	344	218	358
a	363	150	880
a	326	30	818
a	236	408	836
a	364	229	710
a	296	93	212
a	411	429	235
a	415	493	928
a	480	136	584
a	500	251	241
a	50	182	926
a	144	447	614
a	310	332	61
a	168	309	285
a	373	484	779
a	68	278	460
a	31	162	293
a	324	184	601
a	45	2	422
a	358	459	134
a	489	136	418
a	35	52	395
a	277	95	670
a	106	387	808
a	182	84	725
a	357	18	472
a	450	404	456
a	147	428	368
a	195	88	645
a	54	141	568
a	276	255	626
a	176	315	941
a	381	494	745
a	321	387	671
a	323	333	902
a	416	377	649
a	214	182	857
a	473	376	160
a	110	7	238
a	493	133	905
a	356	131	898
a	455	201	482
a	347	448	816
a	170	474	633
a	84	388	206
a	434	343	427
a	19	275	167
a	99	65	585
a	123	327	414
a	86	329	205
a	307	12	99
a	363	340	26
a	402	264	715
a	317	123	677
a	434	185	416
a	240	104	124
a	278	270	472
a	95	331	64
a	411	280	671
a	71	466	685
a	13	469	549
a	453	30	543
a	59	379	435
a	168	130	284
a	196	304	83
a	489	219	278
a	462	6	725
a	339	313	384
a	201	312	840
a	97	383	615
a	281	368	772
a	304	63	147
a	200	96	205
a	92	182	388
a	385	210	860
a	43	474	54
a	6	226	957
a	205	66	88
a	105	182	448
a	87	98	712
a	347	270	115
a	426	147	129
a	447	251	194
a	143	210	623
a	265	96	561
a	132	208	190
a	321	137	105
a	85	208	191
a	431	452	621
a	41	282	243
a	479	72	295
a	393	405	931
a	142	56	582
a	278	456	861
a	478	112	467
a	388	408	324
a	393	486	773
a	184	477	419
a	458	87	64
a	387	81	945
a	316	89	369
a	179	211	870
a	439	434	572
a	405	270	522
a	500	140	136
a	304	415	309
a	88	437	789
a	13	330	271
a	116	451	74
a	315	110	766
a	107	256	171
a	415	219	533
a	276	371	93
a	405	81	466
a	244	431	261
a	337	379	353
a	45	74	144
a	358	403	378
a	324	7	819
a	337	148	963
a	72	71	875
a	286	110	317
a	418	190	47
a	366	216	206
a	11	309	811
a	450	335	311
a	171	43	186
a	261	165	439
a	289	36	966
a	493	188	166
a	223	471	498
a	152	364	215
a	85	402	939
a	347	411	94
a	20	291	27
a	461	431	438
a	412	213	248
a	185	341	676
a	20	402	58
a	189	293	421
a	445	155	116
a	29	461	953
a	492	41	330
a	28	139	483
a	227	317	753
a	448	62	748
a	127	173	481
a	480	237	820
a	121	237	211
a	384	483	167
a	139	331	270
a	107	351	298
a	384	402	263
a	239	283	845
a	367	342	704
a	442	123	844
a	352	245	938
a	382	305	422
a	310	50	908
a	443	415	607
a	103	457	215
a	286	74	996
a	395	353	833
a	438	257	986
a	186	358	458
a	101	73	367
a	135	355	830
a	333	422	376
a	446	159	275
a	380	135	951
a	6	359	157
a	303	483	997
a	294	162	806
a	213	67	49
a	216	345	567
a	89	205	316
a	424	358	849
a	189	186	393
a	302	395	139
a	145	188	781
a	425	92	476
a	383	245	540
a	60	312	159
a	62	410	581
a	50	450	369
a	16	318	668
a	273	161	435
a	364	230	832
a	445	355	865
a	307	382	301
a	279	252	660
a	201	80	626
a	46	72	565
a	49	356	443
a	339	175	442
a	206	189	114
a	244	112	499
a	452	315	207
a	72	415	131
a	57	414	903
a	369	348	702
a	30	427	763
a	105	362	16
a	87	206	716
a	253	290	443
a	266	261	478
a	416	378	965
a	110	4	973
a	9	253	156
a	289	349	684
a	238	168	690
a	136	248	479
a	464	293	847
a	436	139	752
a	113	147	591
a	99	64	123
a	412	291	907
a	216	164	233
a	322	417	836
a	26	429	589
a	344	8	531
a	198	167	933
a	455	268	969
a	296	171	470
a	50	486	84
a	145	442	39
a	331	403	93
a	373	52	16
a	121	75	204
a	352	369	106
a	95	475	698
a	226	278	890
a	338	316	750
a	282	100	169
a	364	488	493
a	476	210	196
a	408	434	964
a	112	480	683
a	25	431	206
a	499	480	346
a	182	279	114
a	172	473	636
a	471	207	263
a	135	116	49
a	232	387	976
a	7	190	697
a	276	45	821
a	461	215	950
a	210	473	263
a	471	386	796
a	66	312	883
a	471	371	311
a	295	33	193
a	321	366	207
a	398	282	915
a	327	336	728
a	57	148	87
a	392	239	461
a	247	409	445
a	194	7	769
a	123	151	504
a	323	441	553
a	184	17	471
a	380	429	885
a	354	304	559
a	482	108	453
a	123	354	697
a	469	338	652
a	198	368	964
a	71	2	102
a	271	460	637
a	61	40	916
a	298	426	944
a	145	21	998
a	326	468	522
a	383	141	480
a	368	218	302
a	406	476	88
a	454	424	575
a	112	223	484
a	444	246	917
a	374	371	669
a	349	15	819
a	405	269	217
a	481	127	976
a	476	182	174
a	286	403	637
a	433	77	703
a	462	240	836
a	463	345	734
a	92	117	328
a	187	171	450
a	334	46	985
a	45	73	497
a	428	87	486
a	452	93	708
a	384	213	857
a	25	165	277
a	176	23	203
a	68	13	209
a	257	458	323
a	426	451	341
a	147	487	562
a	21	258	663
a	263	325	242
a	403	190	981
a	447	137	789
a	416	307	307
a	185	122	122
a	42	277	848
a	423	144	54
a	134	333	318
a	289	148	460
a	90	57	315
a	425	308	793
a	228	399	691
a	356	324	6
a	94	464	6
a	29	347	636
a	322	199	568
a	380	433	638
a	445	11	206
a	284	143	266
a	123	401	419
a	166	175	753
a	99	152	608
a	317	162	927
a	86	481	804
a	496	267	814
a	151	63	665
a	65	314	412
a	472	292	108
a	363	61	125
a	202	117	923
a	258	163	544
a	3	141	559
a	174	102	569
a	386	142	928
a	432	464	328
a	305	38	512
a	13	365	664
a	415	41	388
a	330	499	971
a	97	452	607
a	73	339	999
a	187	183	117
a	405	116	417
a	428	202	852
a	21	437	739
a	186	500	397
a	30	61	247
a	361	138	296
a	323	194	860
a	180	377	165
a	470	151	271
a	256	153	618
a	167	77	681
a	87	154	287
a	171	167	597
a	369	98	246
a	427	334	379
a	189	328	388
a	29	319	87
a	104	352	696
a	199	115	673
a	60	475	180
a	264	240	159
a	492	14	772
a	274	473	940
a	222	419	643
a	329	264	209
a	457	451	349
a	38	352	397
a	131	30	92
a	83	377	767
a	391	481	677
a	490	428	768
a	40	467	613
a	429	63	925
a	487	457	261
a	489	253	241
a	415	13	83
a	102	115	931
a	343	383	30
a	97	337	587
a	309	300	732
a	319	327	173
a	105	79	709
a	119	427	715
a	48	360	564
a	200	435	941
a	403	246	885
a	321	385	344
a	194	32	606
a	416	234	648
a	184	118	381
a	185	291	889
a	114	346	189
a	332	485	289
a	65	166	536
a	246	359	426
a	265	292	264
a	283	235	820
a	75	77	935
a	42	158	763
a	145	159	646
a	278	268	693
a	40	145	742
a	338	317	398
a	121	59	765
a	409	158	450
a	68	485	530
a	468	447	492
a	141	367	14
a	433	32	598
a	254	91	159
a	92	402	472
a	168	418	587
a	310	72	960
a	11	45	541
a	139	112	834
a	370	302	828
a	243	4	577
a	79	426	17
a	48	54	719
a	124	257	86
a	171	432	631
a	11	267	546
a	493	325	543
a	427	91	154
a	369	456	544
a	176	424	658
a	114	412	859
a	426	32	381
a	9	24	862
a	327	480	705
a	132	210	472
a	247	9	65
a	19	192	551
a	296	475	5
a	313	483	340
a	449	227	454
a	142	62	775
a	271	350	439
a	89	437	646
a	327	151	958
a	397	37	690
a	113	408	341
a	169	414	965
a	297	209	506
a	259	28	863
a	434	42	637
a	307	264	262
a	469	435	596
a	424	236	464
a	83	305	62
a	35	434	641
a	46	22	517
a	466	490	22
a	487	384	458
a	383	371	162
a	349	447	782
a	477	234	506
a	173	241	587
a	305	57	597
a	187	61	118
a	25	394	411
a	477	283	81
a	144	264	147
a	428	80	519
a	229	396	677
a	343	404	701
a	257	457	62
a	441	148	814
a	370	338	369
a	176	231	317
a	394	34	577
a	147	486	733
a	464	162	400
a	360	467	564
a	270	480	690
a	91	69	442
a	6	494	141
a	229	255	45
a	238	7	853
a	100	108	129
a	104	103	602
a	449	316	920
a	29	169	351
a	293	372	284
a	482	303	327
a	264	70	570
a	136	177	88
a	66	174	517
a	412	70	564
a	434	394	22
a	32	81	669
a	170	291	514
a	479	319	363
a	142	133	883
a	478	253	191
a	388	269	417
a	355	370	839
a	108	106	278
a	61	188	758
a	320	122	264
a	307	356	148
a	277	388	143
a	302	41	944
a	255	203	654
a	258	83	598
a	371	454	462
a	151	284	991
a	116	434	746
a	153	168	784
a	82	145	972
a	162	281	423
a	314	76	433
a	205	341	409
a	150	318	363
a	187	182	731
a	291	372	288
a	183	290	110
a	116	199	852
a	437	179	671
a	129	226	187
a	120	369	35
a	428	489	389
a	229	130	839
a	437	85	489
a	39	129	134
a	100	433	690
a	356	27	400
a	87	149	3
a	191	171	798
a	271	67	6
a	327	283	713
a	260	464	739
a	298	47	86
a	136	222	381
a	14	227	423
a	342	188	496
a	380	359	869
a	449	58	9
a	472	197	985
a	198	415	182
a	145	178	918
a	28	233	81
a	184	407	94
a	236	411	200
a	430	15	46
a	487	234	222
a	4	416	446
a	316	498	548
a	500	343	400
a	433	170	548
a	457	60	141
a	225	72	507
a	278	50	164
a	150	248	806
a	500	117	95
a	125	320	606
a	362	114	7
a	120	64	381
a	282	339	899
a	49	68	247
a	414	332	198
a	229	452	565
a	381	137	679
a	232	327	841
a	379	424	697
a	294	403	255
a	186	376	76
a	441	61	125
a	392	407	741
a	319	36	381
a	90	220	10
a	369	291	583
a	370	124	625
a	356	63	722
a	284	268	600
a	270	331	422
a	54	418	686
a	170	167	543
a	161	424	85
a	241	122	986
a	209	484	217
a	303	231	499
a	160	95	62
a	165	194	253
a	236	217	373
a	298	436	261
a	65	368	656
a	250	188	918
a	433	500	535
a	469	414	921
a	3	38	914
a	279	173	952
a	338	427	355
a	377	55	648
a	142	415	62
a	17	134	209
a	164	243	225
a	433	214	460
a	311	237	871
a	352	482	427
a	325	465	438
a	475	492	594
a	352	81	568
a	55	25	764
a	441	413	492
a	97	259	569
a	376	198	384
a	201	317	326
a	290	253	779
a	219	129	20
a	261	428	564
a	6	225	563
a	266	114	120
a	486	409	151
a	162	35	918
a	290	479	536
a	185	243	169
a	428	433	926
a	90	176	102
a	473	296	147
a	394	496	949
a	9	31	572
a	449	448	7
a	18	343	864
a	436	250	15
a	440	253	852
a	42	81	595
a	317	329	96
a	118	492	653
a	191	368	596
a	393	265	33
a	342	228	613
a	242	392	298
a	132	98	183
a	264	58	129
a	240	169	793
a	222	489	476
a	448	422	807
a	213	234	724
a	127	293	315
a	273	222	480
a	457	265	866
a	50	392	968
a	472	330	482
a	71	290	314
a	500	280	471
a	112	288	99
a	188	141	718
a	278	11	942
a	35	258	630
a	70	233	3
a	173	240	798
a	490	116	723
a	7	361	233
a	12	129	94
a	196	422	669
a	153	493	325
a	139	14	903
a	67	288	35
a	158	24	604
a	76	385	20
a	321	479	15
a	138	191	685
a	232	46	788
a	447	139	183
a	309	182	701
a	9	170	100
a	488	455	144
a	199	363	740
a	351	444	286
a	184	47	374
a	29	345	180
a	123	403	970
a	179	485	254
a	496	47	350
a	467	414	577
a	378	79	48
a	216	158	930
a	365	451	841
a	293	38	819
a	363	174	509
a	383	163	787
a	259	123	303
a	249	75	381
a	457	7	443
a	201	10	292
a	330	366	274
a	130	22	423
a	257	153	284
a	253	215	454
a	325	314	14
a	475	325	712
a	96	30	68
a	337	356	375
a	102	36	655
a	103	373	403
a	480	300	77
a	450	396	369
a	234	375	615
a	343	443	496
a	471	102	617
a	418	110	491
a	381	341	753
a	9	484	109
a	333	419	612
a	134	156	888
a	218	37	998
a	241	204	76
a	167	173	652
a	118	421	757
a	136	223	610
a	449	392	884
a	378	286	54
a	401	301	610
a	392	56	506
a	4	109	382
a	155	459	787
a	84	467	189
a	32	126	730
a	175	117	541
a	293	218	240
a	355	401	412
a	374	415	674
a	231	258	665
a	88	52	88
a	141	22	525
a	255	392	556
a	154	419	14
a	283	333	793
a	193	463	690
a	40	70	277
a	211	159	571
a	150	14	355
a	468	421	809
a	154	244	358
a	410	282	386
a	339	176	967
a	16	253	43
a	248	118	124
a	68	161	320
a	159	10	719
a	477	499	475
a	25	242	225
a	432	220	976
a	456	210	239
a	201	401	63
a	183	257	645
a	423	278	806
a	234	363	139
a	147	432	774
a	77	143	329
a	426	409	601
a	72	273	308
a	91	31	652
a	294	400	340
a	119	421	839
a	416	270	28
a	54	304	145
a	238	77	533
a	495	358	755
a	379	137	909
a	147	108	409
a	5	118	583
a	284	467	337
a	32	444	568
a	412	24	327
a	436	150	958
a	369	157	10
a	155	294	353
a	28	40	996
a	449	5	916
a	431	243	819
a	37	104	66
a	468	116	898
a	166	471	193
a	296	61	520
a	26	330	183
a	396	72	443
a	235	48	26
a	415	316	192
a	457	78	803
a	197	116	842
a	420	469	532
a	221	110	375
a	438	128	185
a	82	86	523
a	466	185	302
a	328	42	426
a	337	172	187
a	200	100	464
a	474	335	502
a	92	178	747
a	382	332	85
a	461	67	360
a	443	472	205
a	45	260	171
a	417	229	473
a	437	234	192
a	257	284	490
a	372	465	435
a	101	61	342
a	323	15	425
a	53	43	901
a	42	316	349
a	285	200	730
a	204	24	451
a	81	355	310
a	63	471	651
a	209	455	690
a	179	283	660
a	52	11	664
a	342	229	160
a	132	99	132
a	356	385	600
a	469	238	591
a	38	125	884
a	278	460	523
a	84	267	148
a	28	163	639
a	29	406	237
a	193	262	685
a	409	350	709
a	173	461	724
a	433	352	1
a	405	266	592
a	353	73	460
a	444	352	284
a	141	401	350
a	334	45	966
a	172	440	620
a	489	68	308
a	200	49	514
a	96	226	364
a	205	256	848
a	125	218	670
a	290	113	657
a	72	297	666
a	111	136	492
a	6	492	949
a	9	344	859
a	323	376	304
a	308	204	147
a	147	198	632
a	378	392	443
a	218	241	784
a	436	223	507
a	497	415	549
a	123	37	422
a	274	97	35
a	378	221	8
a	4	25	158
a	344	195	857
a	212	58	325
a	287	424	143
a	302	47	599
a	163	359	523
a	373	154	433
a	224	230	229
a	410	263	415
a	306	500	129
a	3	428	341
a	372	85	789
a	35	31	36
a	115	237	919
a	477	494	444
a	371	151	399
a	465	430	580
a	428	54	298
a	102	37	454
a	328	98	917
a	310	54	72
a	474	263	642
a	55	358	146
a	360	418	472
a	87	38	399
a	357	300	58
a	176	483	495
a	351	258	245
a	208	20	354
a	228	479	240
a	345	349	96
a	270	284	739
a	15	475	300
a	216	349	201
a	368	424	695
a	496	253	154
a	132	59	596
a	460	408	433
a	467	460	202
a	400	499	669
a	273	123	287
a	5	324	735
a	178	139	158
a	108	72	739
a	338	453	338
a	250	265	64
a	236	292	520
a	329	158	194
a	500	337	109
a	282	12	591
a	70	167	563
a	144	37	904
a	73	129	260
a	97	27	490
a	468	422	948
a	477	208	165
a	172	354	994
a	282	302	964
a	287	51	609
a	257	228	226
a	97	342	797
a	10	359	579
a	428	26	209
a	232	314	538
a	30	141	936
a	81	203	209
a	290	441	92
a	295	168	173
a	137	346	135
a	261	249	600
a	191	120	122
a	379	136	309
a	459	304	452
a	260	295	860
a	63	434	158
a	493	17	55
a	63	259	708
a	356	287	357
a	397	348	340
a	51	233	442
a	344	413	524
a	89	94	963
a	448	459	673
a	28	207	504
a	359	287	611
a	179	77	677
a	93	495	314
a	93	256	628
a	448	233	7
a	430	41	544
a	330	197	335
a	338	312	417
a	329	11	101
a	221	158	607
a	349	457	278
a	46	475	182
a	102	131	44
a	177	425	379
a	441	268	635
a	447	290	684
a	139	117	682
a	357	160	380
a	92	179	268
a	55	313	837
a	498	374	802
a	110	347	194
a	24	2	865
a	308	233	775
a	446	91	452
a	393	45	119
a	313	262	872
a	479	145	858
a	494	310	366
a	14	217	419
a	87	445	860
a	403	354	544
a	448	265	743
a	193	251	457
a	246	96	659
a	406	464	778
a	175	157	718
a	468	137	383
a	344	151	992
a	364	298	851
a	4	491	920
a	273	399	864
a	306	465	65
a	390	369	215
a	301	74	36
a	395	13	205
a	396	290	954
a	438	109	302
a	489	75	892
a	67	290	12
a	450	422	100
a	486	296	373
a	372	391	671
a	157	301	222
a	323	93	999
a	196	213	876
a	180	353	633
a	399	129	487
a	459	410	567
a	171	191	579
a	450	106	610
a	379	176	514
a	342	36	161
a	30	374	320
a	238	245	376
a	345	241	312
a	436	216	181
a	240	489	198
a	123	36	737
a	142	110	623
a	293	450	938
a	222	312	721
a	283	212	204
a	85	96	37
a	378	218	966
a	363	386	997
a	341	327	290
a	264	310	161
a	95	377	260
a	258	191	524
a	84	125	362
a	139	497	817
a	182	433	613
a	244	234	116
a	500	28	437
a	358	86	564
a	153	94	57
a	31	69	677
a	291	377	97
a	58	84	664
a	451	127	66
a	24	459	196
a	115	10	920
a	428	341	977
a	158	122	708
a	208	247	211
a	119	451	379
a	135	350	576
a	450	172	759
a	380	45	506
a	180	325	23
a	194	169	85
a	200	490	114
a	78	463	199
a	134	301	411
a	459	228	170
a	434	474	122
a	56	24	92
a	39	369	914
a	5	417	522
a	270	63	613
a	402	143	308
a	422	202	424
a	167	397	581
a	283	176	414
a	350	120	996
a	269	206	965
a	274	356	672
a	165	13	753
a	278	356	309
a	151	238	165
a	264	466	326
a	467	301	371
a	26	372	624
a	335	482	578
a	173	387	659
a	226	156	535
a	192	20	654
a	154	417	820
a	144	151	66
a	278	70	349
a	463	78	593
a	50	33	309
a	16	465	220
a	279	360	972
a	391	370	683
a	16	96	826
a	1	476	868
a	221	185	706
a	172	355	501
a	444	408	794
a	49	488	640
a	486	7	898
a	126	238	451
a	499	440	296
a	337	309	577
a	339	291	183
a	395	85	940
a	475	163	986
a	58	104	599
a	347	26	510
a	464	222	297
a	413	60	293
a	167	109	6
a	57	131	981
a	318	122	966
a	87	299	437
a	75	355	651
a	57	236	217
a	228	323	631
a	402	96	109
a	179	430	556
a	274	422	236
a	99	71	526
a	445	79	915
a	303	81	693
a	251	256	148
a	236	212	827
a	113	359	72
a	108	30	632
a	175	361	272
a	349	38	521
a	4	391	246
a	330	341	692
a	187	420	825
a	207	41	420
a	154	167	425
a	395	147	389
a	433	36	902
a	272	230	542
a	73	13	837
a	182	377	977
a	315	88	677
a	163	28	65
a	92	110	126
a	349	377	110
a	399	398	876
a	96	183	658
a	208	401	942
a	438	339	721
a	183	404	90
a	20	55	27
a	149	405	347
a	33	420	867
a	313	148	928
a	464	472	503
a	76	205	83
a	190	44	610
a	269	419	515
a	166	53	39
a	294	126	688
a	28	14	988
a	62	373	620
a	454	131	628
a	353	365	218
a	245	183	308
a	13	17	917
a	364	299	326
a	287	327	994
a	254	270	929
a	487	444	983
a	201	19	122
a	480	182	218
a	500	57	535
a	432	297	232
a	420	346	914
a	281	52	383
a	206	254	189
a	432	23	819
a	486	350	27
a	91	266	426
a	181	388	203
a	105	122	170
a	54	45	168
a	392	451	595
a	228	37	665
a	104	107	225
a	425	319	604
a	99	336	757
a	464	339	108
a	165	421	562
a	39	332	165
a	332	474	714
a	344	312	550
a	203	79	890
a	27	317	449
a	321	24	445
a	491	328	591
a	296	330	306
a	445	488	958
a	179	132	965
a	472	442	353
a	198	224	636
a	481	444	980
a	282	135	558
a	163	361	704
a	273	473	790
a	107	452	554
a	499	302	917
a	462	166	536
a	395	219	737
a	178	297	43
a	220	108	260
a	408	286	254
a	499	479	560
a	361	450	307
a	11	24	751
a	471	242	498
a	92	197	75
a	176	40	547
a	234	370	329
a	441	180	596
a	295	305	162
a	318	381	35
a	423	34	643
a	100	445	35
a	309	151	246
a	321	297	182
a	294	164	26
a	189	466	928
a	449	397	155
a	473	7	626
a	113	24	253
a	482	463	581
a	355	39	556
a	66	142	291
a	4	104	939
a	273	121	866
a	98	142	381
a	27	182	94
a	296	181	312
a	61	107	313
a	454	90	566
a	457	454	792
a	207	310	712
a	363	28	146
a	491	227	556
a	277	420	858
a	98	323	865
a	278	71	176
a	328	452	150
a	383	422	752
a	64	462	649
a	410	246	428
a	362	239	773
a	475	388	389
a	129	439	299
a	408	378	25
a	490	218	985
a	291	391	584
a	67	364	973
a	309	311	286
a	220	406	447
a	45	285	524
a	357	27	247
a	234	342	189
a	172	160	686
a	263	379	949
a	417	79	114
a	261	342	676
a	209	173	111
a	474	59	417
a	495	355	608
a	205	185	124
a	357	334	952
a	479	191	72
a	191	203	277
a	450	83	29
a	312	48	198
a	62	124	595
a	378	305	422
a	344	321	505
a	155	315	551
a	5	277	640
a	47	238	951
a	268	344	520
a	17	88	594
a	145	35	468
a	166	379	576
a	212	13	910
a	202	39	950
a	59	402	933
a	151	98	689
a	338	423	75
a	311	376	691
a	364	486	485
a	225	104	153
a	174	163	64
a	477	306	91
a	372	143	994
a	148	280	240
a	22	305	346
a	300	450	332
a	343	124	427
a	347	121	973
a	247	369	279
a	493	209	326
a	449	299	119
a	209	427	875
a	327	479	291
a	460	252	675
a	32	475	420
a	136	105	171
a	303	135	193
a	179	397	148
a	108	349	106
a	455	456	692
a	354	189	328
a	271	458	19
a	136	327	58
a	448	41	235
a	259	3	579
a	278	301	33
a	444	29	683
a	433	276	545
a	387	487	504
a	326	232	233
a	400	106	501
a	12	95	810
a	359	112	496
a	201	18	344
a	352	386	972
a	371	414	404
a	79	81	998
a	207	12	844
a	406	163	783
a	396	333	595
a	55	200	645
a	225	342	184
a	404	166	903
a	234	287	799
a	417	277	442
a	474	302	480
a	348	267	214
a	43	319	542
a	451	18	247
a	152	85	45
a	336	466	713
a	52	438	3
a	24	143	627
a	356	108	972
a	319	120	179
a	398	329	221
a	132	413	610
a	378	407	435
a	271	106	693
a	440	46	201
a	261	64	847
a	38	178	721
a	114	268	357
a	118	460	377
a	247	232	496
a	240	378	570
a	448	279	618
a	260	174	79
a	188	472	442
a	388	266	601
a	363	162	331
a	355	454	443
a	411	296	325
a	144	173	870
a	326	69	345
a	400	199	2
a	500	376	755
a	448	211	778
a	212	180	601
a	71	403	763
a	140	8	653
a	69	126	22
a	97	109	33
a	107	340	489
a	220	109	591
a	339	265	356
a	162	274	732
a	371	152	542
a	67	256	570
a	31	266	839
a	181	185	546
a	399	374	304
a	275	316	713
a	295	129	802
a	498	15	186
a	428	486	759
a	20	232	269
a	497	205	873
a	223	419	875
a	473	356	848
a	346	26	699
a	426	82	472
a	30	336	121
a	18	264	284
a	8	270	357
a	356	358	818
a	185	378	424
a	321	74	154
a	363	467	471
a	240	358	366
a	136	432	191
a	118	202	214
a	193	161	539
a	26	451	669
a	467	303	470
a	193	451	193
a	273	299	897
a	221	405	496
a	500	348	873
a	192	133	764
a	339	86	631
a	92	358	590
a	174	132	400
a	258	419	975
a	245	305	16
a	12	246	744
a	451	430	820
a	306	407	281
a	257	249	366
a	121	492	97
a	215	334	811
a	348	173	242
a	495	174	443
a	309	310	86
a	147	436	904
a	20	29	402
a	119	417	423
a	379	284	914
a	54	308	286
a	85	482	53
a	393	135	901
a	52	140	334
a	380	273	389
a	62	125	795
a	190	54	780
a	86	103	917
a	89	129	320
a	345	47	609
a	156	17	690
a	378	161	27
a	434	335	352
a	472	166	873
a	398	210	316
a	242	496	945
a	435	75	400
a	118	214	61
a	250	86	434
a	251	499	614
a	307	389	721
a	400	353	489
a	500	402	695
a	84	209	210
a	13	235	196
a	433	495	787
a	326	114	302
a	364	193	316
a	245	66	811
a	83	392	695
a	454	353	590
a	116	320	105
a	44	485	479
a	139	315	506
a	396	426	156
a	420	288	274
a	168	281	634
a	163	30	287
a	129	402	355
a	150	264	95
a	408	198	160
a	451	168	982
a	181	479	686
a	462	296	745
a	48	44	548
a	186	438	942
a	34	98	212
a	63	66	6
a	195	346	466
a	436	80	244
a	76	207	149
a	492	287	551
a	341	78	100
a	416	123	372
a	237	493	86
a	307	195	220
a	222	466	79
a	424	436	8
a	118	50	993
a	38	339	127
a	335	311	162
a	40	115	989
a	193	395	588
a	164	28	2
a	16	27	5
a	386	165	729
a	443	60	183
a	306	460	230
a	35	150	691
a	187	160	182
a	286	180	403
a	125	500	438
a	163	139	750
a	244	294	21
a	45	211	815
a	120	347	664
a	413	192	849
a	215	84	918
a	162	64	20
a	381	332	460
a	276	200	68
a	495	452	332
a	314	263	658
a	385	464	606
a	370	46	169
a	52	294	159
a	290	367	709
a	483	354	344
a	30	373	66
a	240	379	895
a	113	195	337
a	222	319	22
a	259	307	687
a	491	330	535
a	8	192	137
a	65	17	412
a	175	92	964
a	4	148	238
a	311	413	896
a	69	347	885
a	245	58	484
a	150	103	115
a	430	215	248
a	211	484	15
a	315	386	787
a	244	100	622
a	328	23	703
a	456	44	463
a	348	202	133
a	385	112	86
a	58	480	959
a	480	434	754
a	447	278	135
a	432	53	128
a	367	463	479
a	462	497	447
a	10	222	486
a	357	229	1
a	450	393	397
a	324	498	377
a	471	125	66
a	54	15	905
a	149	233	960
a	43	282	90
a	124	327	95
a	332	139	760
a	495	329	305
a	299	82	457
a	485	355	793
a	290	371	14
a	6	351	519
a	62	70	482
a	392	174	24
a	123	84	753
a	75	457	813
a	398	247	209
a	436	302	810
a	189	178	907
a	411	120	994
a	374	400	584
a	175	225	841
a	397	248	551
a	40	75	131
a	107	21	195
a	206	491	71
a	373	378	272
a	306	261	54
a	457	183	361
a	258	416	789
a	59	199	839
a	46	451	935
a	70	325	5
a	92	389	274
a	92	52	955
a	220	481	215
a	148	262	517
a	10	355	488
a	182	45	758
a	244	286	103
a	30	241	204
a	367	80	759
a	319	221	41
a	446	208	529
a	285	78	346
a	158	228	104
a	495	365	791
a	318	494	668
a	483	186	254
a	20	483	852
a	86	100	994
a	146	457	724
a	62	205	882
a	249	458	426
a	344	498	350
a	56	422	532
a	5	275	453
a	133	366	411
a	491	274	131
a	331	173	313
a	278	404	318
a	406	345	7
a	217	262	623
a	458	56	201
a	207	359	952
a	317	227	371
a	178	171	655
a	269	64	612
a	397	139	255
a	17	239	949
a	224	469	633
a	126	476	507
a	46	253	158
a	206	455	603
a	305	103	504
a	235	482	848
a	1	174	745
a	286	345	622
a	328	47	51
a	451	171	937
a	115	86	748
a	323	101	181
a	343	239	931
a	309	43	841
a	398	371	512
a	392	264	929
a	194	236	461
a	104	114	318
a	185	471	440
a	427	382	965
a	228	403	705
a	85	374	941
a	356	168	289
a	321	279	824
a	33	155	535
a	473	460	683
a	365	38	818
a	241	24	436
a	351	471	196
a	247	6	523
a	378	339	338
a	269	416	205
a	41	257	468
a	497	327	141
a	133	305	912
a	236	164	598
a	326	290	885
a	160	480	862
a	271	468	184
a	117	328	535
a	86	477	796
a	344	236	165
a	363	184	821
a	108	125	887
a	130	379	28
a	188	421	362
a	88	241	43
a	217	403	302
a	71	280	166
a	331	439	953
a	28	461	142
a	467	87	890
a	359	29	328
a	255	220	259
a	282	64	714
a	330	372	638
a	144	271	128
a	439	216	523
a	116	123	851
a	337	370	789
a	390	260	992
a	48	235	96
a	466	150	282
a	139	4	137
a	382	258	776
a	234	285	174
a	471	88	230
a	55	281	552
a	149	212	845
a	21	266	697
a	77	35	50
a	96	436	611
a	446	123	13
a	53	187	216
a	425	316	859
a	426	15	667
a	446	458	836
a	322	172	58
a	124	224	124
a	398	105	658
a	368	306	944
a	269	452	643
a	223	13	521
a	378	230	815
a	89	105	694
a	19	451	558
a	94	20	970
a	255	99	694
a	151	420	264
a	102	402	411
a	430	101	974
a	70	207	664
a	410	256	528
a	328	137	452
a	220	111	570
a	135	150	773
a	235	426	922
a	24	305	733
a	277	65	386
a	372	193	72
a	429	262	128
a	233	157	213
a	163	166	496
a	239	147	404
a	385	224	113
a	208	461	721
a	405	237	625
a	55	381	306
a	464	246	823
a	161	202	12
a	275	318	151
a	360	54	347
a	389	475	884
a	345	311	351
a	275	28	233
a	366	313	52
a	345	66	738
a	203	108	389
a	4	107	857
a	223	97	502
a	170	383	294
a	302	400	195
a	71	45	489
a	184	303	360
a	368	139	809
a	406	301	519
a	227	320	967
a	355	407	448
a	14	294	987
a	255	438	398
a	130	291	951
a	3	51	784
a	60	23	64
a	83	494	134
a	292	98	311
a	311	134	966
a	107	421	646
a	277	131	74
a	102	152	132
a	419	206	554
a	349	273	182
a	463	281	603
a	83	189	26
a	72	170	205
a	148	263	172
a	21	255	272
a	239	183	867
a	428	166	847
a	447	410	533
a	486	500	907
a	395	311	355
a	281	444	395
a	489	289	659
a	21	322	68
a	367	192	275
a	333	496	822
a	243	334	335
a	247	366	811
a	461	268	397
a	109	427	260
a	190	52	132
a	237	7	617
a	403	333	117
a	213	110	120
a	18	12	676
a	497	299	952
a	479	495	989
a	29	396	632
a	98	145	467
a	479	380	152
a	155	90	675
a	374	66	133
a	26	293	278
a	491	51	655
a	224	325	332
a	169	324	26
a	211	65	702
a	121	195	902
a	377	169	942
a	1	387	647
a	36	60	322
a	22	123	353
a	328	370	588
a	349	452	178
a	258	389	289
a	44	374	563
a	462	157	305
a	173	22	273
a	382	404	451
a	196	472	904
a	324	21	451
a	438	53	257
a	239	203	858
a	404	483	900
a	299	255	467
a	210	462	764
a	294	438	346
