p	max	500	5000
n	1	s	
n	2	t	
a	347	280	1252
a	488	466	1086
a	440	21	1087
a	260	256	854
a	161	333	2160
a	436	193	1595
a	459	160	833
a	313	378	2990
a	260	38	738
a	374	140	2495
a	89	12	936
a	17	287	1514
a	89	445	465
a	71	245	2019
a	146	204	220
a	38	454	4811
a	28	351	3596
a	306	25	333
a	288	500	616
a	130	491	279
a	98	407	1249
a	453	87	389
a	349	6	3891
a	442	267	3697
a	372	127	2023
a	233	279	1980
a	276	261	774
a	304	70	2587
a	12	271	2866
a	305	275	1333
a	395	401	3886
a	48	123	2537
a	285	354	901
a	324	408	3596
a	489	479	789
a	309	364	2585
a	243	232	2092
a	437	200	1995
a	181	211	2719
a	96	437	4952
a	423	58	2466
a	76	158	2275
a	488	462	1184
a	252	447	393
a	76	237	2324
a	137	119	4799
a	199	241	1359
a	185	355	454
a	494	471	3184
a	265	283	40
a	307	176	4410
a	479	406	2556
a	455	425	3688
a	188	356	3950
a	298	484	180
a	448	409	4643
a	175	94	425
a	303	21	2048
a	344	90	1953
a	17	404	362
a	117	299	221
a	198	228	979
a	64	216	3120
a	50	423	1802
a	178	112	2190
a	126	394	1414
a	363	52	4384
a	255	98	3407
a	383	57	4617
a	409	316	4531
a	163	365	1929
a	255	243	1385
a	409	173	72
a	46	58	4461
a	202	348	3264
a	499	306	2311
a	245	346	2754
a	286	500	3333
a	13	356	4873
a	396	364	4683
a	129	431	1863
a	349	268	703
a	489	153	2568
a	162	273	1221
a	210	229	4507
a	305	319	3025
a	254	234	3724
a	1	6	4553
a	21	444	3739
a	43	173	1053
a	120	488	1345
a	214	310	1581
a	366	109	4707
a	450	216	3680
a	416	360	3573
a	218	44	3495
a	18	500	2540
a	20	346	3632
a	389	107	926
a	111	392	611
a	204	94	2879
a	132	259	325
a	99	368	2478
a	99	449	906
a	179	345	4136
a	288	112	1023
a	109	232	1187
a	377	336	611
a	344	391	2324
a	160	297	4039
a	283	469	1022
a	433	448	3057
a	454	94	4189
a	457	458	1215
a	387	403	3470
a	302	226	2138
a	235	77	4204
a	362	344	1180
a	175	438	1808
a	7	281	3415
a	373	489	1223
a	291	58	3464
a	315	416	4659
a	83	188	337
a	267	5	51
a	315	273	4377
a	11	56	4708
a	234	195	3461
a	48	3	3811
a	366	158	102
a	241	391	4796
a	313	18	842
a	77	25	2763
a	43	137	229
a	158	234	1553
a	63	43	4371
a	109	281	1657
a	56	74	2935
a	87	407	872
a	416	82	1147
a	184	238	1429
a	354	290	216
a	341	24	1156
a	345	93	1372
a	308	343	82
a	155	428	612
a	213	222	4956
a	412	309	3573
a	329	497	4935
a	368	89	2443
a	296	262	3910
a	387	209	4948
a	99	219	3720
a	27	150	3815
a	468	12	4081
a	179	83	2023
a	95	303	1830
a	179	192	1983
a	93	282	1332
a	444	228	3902
a	340	437	421
a	60	52	3901
a	154	49	2094
a	144	7	2631
a	121	179	3208
a	196	315	2263
a	88	420	739
a	391	226	439
a	306	438	4413
a	382	405	2950
a	349	372	141
a	229	270	348
a	343	282	4859
a	219	153	1656
a	148	139	546
a	360	337	3671
a	33	349	198
a	489	371	4558
a	471	39	425
a	360	480	2953
a	125	160	1944
a	243	301	1156
a	333	403	3654
a	33	447	2240
a	90	184	3049
a	57	49	387
a	369	455	2858
a	423	230	1282
a	204	23	4118
a	133	29	2270
a	6	293	2202
a	190	70	2751
a	483	216	3011
a	251	197	1796
a	422	132	784
a	264	34	1111
a	436	480	3354
a	165	127	2254
a	317	148	2977
a	445	479	667
a	434	80	1358
a	112	122	3209
a	444	25	2896
a	330	144	4454
a	175	264	31
a	144	212	4006
a	255	222	1645
a	226	419	3257
a	151	352	4846
a	97	438	2399
a	150	184	862
a	139	169	4910
a	163	63	2096
a	386	450	4022
a	391	87	2479
a	177	463	2670
a	361	122	2303
a	315	345	2348
a	262	192	2197
a	399	286	4594
a	9	496	4497
a	392	456	417
a	390	183	450
a	147	350	4374
a	238	413	4090
a	20	208	590
a	450	245	1308
a	437	489	4211
a	33	52	4036
a	75	337	2072
a	76	238	745
a	284	483	4916
a	86	51	854
a	60	457	93
a	401	91	3424
a	95	65	2604
a	374	24	1412
a	303	20	4309
a	335	359	3570
a	13	223	628
a	311	414	3761
a	377	247	1232
a	272	5	3843
a	187	370	3438
a	376	441	2678
a	174	108	3150
a	68	407	1533
a	292	223	4373
a	462	171	113
a	373	276	2317
a	419	212	1329
a	130	129	809
a	102	77	2074
a	103	284	1091
a	295	462	3567
a	495	150	4298
a	92	194	1286
a	44	93	4815
a	337	237	1115
a	67	405	2759
a	404	267	107
a	450	217	2645
a	110	119	694
a	167	212	925
a	423	174	2311
a	15	32	1129
a	190	30	306
a	393	248	2713
a	29	132	4275
a	354	142	1280
a	449	162	2953
a	19	368	2519
a	108	48	4100
a	240	120	1046
a	335	379	3640
a	59	397	3688
a	131	8	4720
a	424	30	1370
a	411	264	4629
a	454	494	2141
a	207	162	920
a	50	219	4417
a	235	221	1280
a	439	463	176
a	126	129	836
a	174	251	1217
a	490	180	4052
a	453	320	2965
a	384	329	3924
a	70	459	1535
a	315	272	4333
a	465	387	2447
a	200	112	1828
a	171	305	2803
a	244	281	1377
a	157	382	3426
a	195	183	1434
a	196	132	480
a	172	157	1544
a	379	419	380
a	343	196	566
a	256	192	1803
a	241	390	46
a	263	391	4230
a	399	199	3664
a	313	130	2884
a	167	107	1204
a	33	3	3764
a	483	191	2365
a	379	126	4738
a	483	12	4654
a	321	185	4951
a	375	490	32
a	237	5	1233
a	496	129	4688
a	422	153	473
a	28	32	2212
a	180	155	4957
a	94	289	2055
a	169	142	4956
a	28	87	1969
a	51	238	173
a	169	31	4352
a	278	427	2659
a	424	476	3454
a	84	366	1320
a	202	209	4516
a	113	490	4171
a	344	130	4948
a	328	406	2233
a	202	435	2828
a	439	418	2526
a	178	392	3743
a	70	250	1327
a	233	424	3936
a	420	300	1993
a	267	467	1404
a	68	382	1291
a	73	384	3307
a	7	397	206
a	34	301	3293
a	1	220	3447
a	367	403	2287
a	206	23	2531
a	346	410	2450
a	485	117	2277
a	158	37	3424
a	426	357	596
a	381	277	1454
a	78	367	4893
a	498	83	1079
a	484	2	1322
a	90	185	2116
a	398	374	4756
a	290	327	3875
a	425	436	937
a	243	477	4084
a	299	415	875
a	284	361	601
a	241	140	3736
a	242	223	4629
a	109	397	713
a	111	451	593
a	20	386	3207
a	180	200	1649
a	113	219	4289
a	127	462	4398
a	19	315	4004
a	23	259	2380
a	425	112	4897
a	118	135	4945
a	458	200	3046
a	222	97	2124
a	99	246	2132
a	38	343	2899
a	188	416	3352
a	131	64	3987
a	444	137	3957
a	374	334	646
a	383	404	1408
a	315	156	3264
a	140	97	4952
a	468	374	2687
a	410	299	3899
a	103	106	4009
a	362	32	4779
a	120	18	4273
a	489	163	4978
a	235	451	522
a	315	344	3769
a	462	409	4850
a	219	228	4959
a	257	455	4539
a	493	398	138
a	256	25	1040
a	24	101	214
a	345	431	2456
a	367	250	336
a	404	368	4973
a	360	251	4196
a	56	148	2560
a	389	134	4757
a	76	126	4805
a	20	422	803
a	228	257	3941
a	191	415	947
a	104	271	953
a	274	89	2867
a	75	446	4398
a	95	51	1145
a	4	114	812
a	374	238	2954
a	356	429	4740
a	179	492	3269
a	269	338	3778
a	203	466	2771
a	175	88	1933
a	142	147	1316
a	95	209	2521
a	306	59	3183
a	330	181	2534
a	420	55	3021
a	352	325	2060
a	168	40	4862
a	226	354	1222
a	411	476	2271
a	316	343	397
a	254	447	3080
a	277	221	4879
a	499	82	3641
a	11	30	37
a	346	419	4778
a	475	205	4178
a	58	95	898
a	115	98	344
a	11	111	4437
a	34	196	3896
a	475	122	3920
a	319	10	2470
a	124	434	3508
a	181	53	2674
a	39	187	3335
a	29	97	700
a	67	178	3405
a	9	205	4418
a	483	130	3398
a	156	356	3779
a	345	165	39
a	185	268	3597
a	303	356	2006
a	240	268	3567
a	332	500	55
a	5	426	4845
a	483	96	3594
a	228	293	391
a	237	433	1663
a	497	268	3999
a	302	407	4478
a	303	186	2901
a	491	298	938
a	213	169	1445
a	27	61	3961
a	250	273	2699
a	273	447	1055
a	476	194	3777
a	211	23	4399
a	362	120	1015
a	120	74	2737
a	499	46	481
a	281	359	2185
a	484	442	3735
a	205	448	3653
a	370	257	4148
a	115	495	3045
a	162	247	1315
a	181	9	2628
a	223	386	110
a	63	85	4796
a	214	195	3719
a	318	125	3851
a	156	328	3006
a	375	116	3611
a	66	458	2696
a	323	457	72
a	18	361	3523
a	403	481	371
a	294	250	1984
a	137	141	3887
a	431	311	22
a	161	279	2164
a	199	187	2090
a	425	138	655
a	217	104	2908
a	436	270	2518
a	155	430	836
a	108	390	3578
a	193	128	2759
a	249	296	2562
a	377	483	976
a	433	401	155
a	61	250	967
a	316	57	3871
a	302	252	713
a	477	106	1376
a	250	420	794
a	316	287	4315
a	245	367	4964
a	438	238	2759
a	476	85	3616
a	372	102	1133
a	276	364	1076
a	324	16	2822
a	253	150	3896
a	404	136	4304
a	432	241	2045
a	54	88	3851
a	239	212	1045
a	158	42	4668
a	21	498	2221
a	367	112	458
a	158	181	1697
a	24	185	4718
a	229	192	4226
a	33	445	2261
a	413	25	4035
a	90	134	836
a	109	362	4666
a	5	191	2854
a	366	410	3405
a	247	109	4871
a	85	370	1931
a	413	315	1180
a	492	276	2713
a	458	388	3923
a	445	138	2695
a	344	291	1406
a	434	413	2495
a	416	112	2846
a	403	362	4727
a	132	84	1269
a	351	96	4615
a	27	342	1766
a	104	419	940
a	412	484	656
a	145	231	1593
a	236	160	831
a	298	271	1882
a	271	464	1855
a	467	381	1853
a	51	122	1021
a	424	72	4850
a	320	105	4116
a	491	16	1088
a	329	205	1012
a	292	455	2171
a	476	356	97
a	259	150	487
a	478	302	736
a	13	411	375
a	306	231	4947
a	329	94	2670
a	46	29	3240
a	359	110	1439
a	255	169	4334
a	352	408	3396
a	97	91	1945
a	453	374	4326
a	477	272	39
a	282	366	178
a	286	302	4982
a	408	184	2006
a	138	353	445
a	257	85	3985
a	495	237	2521
a	172	64	285
a	176	3	1041
a	68	113	3600
a	31	399	3074
a	12	409	471
a	404	19	4456
a	34	16	3568
a	280	144	3859
a	228	206	1221
a	39	103	1932
a	422	373	4613
a	52	210	3532
a	470	97	2523
a	147	62	646
a	204	53	3268
a	403	424	230
a	261	74	3734
a	134	456	3241
a	392	183	3474
a	156	176	3881
a	42	59	2445
a	356	479	1901
a	85	135	763
a	449	43	3540
a	216	330	62
a	344	319	4886
a	17	367	4870
a	388	466	3093
a	249	375	2796
a	397	493	1823
a	38	481	4935
a	193	328	1029
a	302	346	3701
a	340	9	4576
a	17	26	3273
a	457	467	2395
a	330	178	2761
a	279	239	110
a	376	443	2628
a	46	57	2953
a	141	347	2223
a	116	389	4222
a	376	42	989
a	328	141	3297
a	310	493	4424
a	168	470	1100
a	338	26	1543
a	432	91	1311
a	490	225	3729
a	343	476	2194
a	328	107	1726
a	419	308	2337
a	485	59	3908
a	438	355	237
a	176	190	2647
a	215	119	1809
a	256	230	1843
a	498	9	3448
a	190	339	815
a	67	36	1450
a	461	356	1369
a	379	231	663
a	256	260	1043
a	366	483	4910
a	464	423	1953
a	446	27	4744
a	321	290	3628
a	460	179	1179
a	365	234	3097
a	66	137	3219
a	86	204	3424
a	240	235	1626
a	421	10	1793
a	17	6	2730
a	326	8	266
a	193	453	304
a	411	266	3532
a	330	214	3688
a	335	8	494
a	97	387	3905
a	338	111	1184
a	410	352	4750
a	139	354	2702
a	305	126	4244
a	187	126	4537
a	281	245	3328
a	465	368	2745
a	102	111	792
a	72	174	1207
a	370	318	506
a	295	210	3540
a	498	474	2958
a	488	220	4637
a	110	311	1279
a	208	203	3106
a	190	335	1454
a	176	297	2559
a	232	193	4780
a	403	2	2819
a	332	164	476
a	423	255	2084
a	132	339	914
a	431	321	403
a	380	414	4539
a	294	74	2534
a	322	259	4844
a	363	437	1471
a	108	391	692
a	302	291	3999
a	340	210	338
a	23	479	1842
a	269	123	1192
a	478	307	3117
a	175	486	3275
a	410	213	2712
a	197	11	1090
a	106	55	2088
a	3	495	598
a	417	258	253
a	399	406	564
a	263	199	1570
a	413	103	2792
a	52	473	2861
a	426	242	931
a	290	325	3026
a	80	113	4786
a	195	320	2303
a	308	97	1634
a	492	390	2755
a	203	202	3940
a	228	367	1776
a	264	37	4915
a	51	351	105
a	199	47	2690
a	75	101	2976
a	23	285	4297
a	320	251	167
a	89	306	2964
a	175	164	4073
a	250	231	1165
a	396	151	3100
a	141	84	3784
a	476	357	208
a	207	247	1458
a	211	240	1636
a	325	152	4492
a	98	258	3143
a	335	83	3396
a	12	86	1587
a	430	189	1352
a	311	202	688
a	439	49	2006
a	70	375	2106
a	258	357	84
a	300	232	2517
a	349	341	3177
a	334	59	825
a	49	185	3902
a	429	285	1899
a	129	97	3354
a	315	346	2529
a	12	410	1459
a	243	236	3841
a	280	98	67
a	489	364	4279
a	91	32	3358
a	275	297	618
a	24	103	2710
a	485	248	3444
a	42	375	3778
a	229	227	1808
a	42	262	1331
a	427	192	872
a	412	180	4015
a	199	348	4680
a	369	113	743
a	170	98	3543
a	392	184	3370
a	32	399	1719
a	156	32	4140
a	472	245	3332
a	331	10	1398
a	198	318	2470
a	18	80	2408
a	368	21	2316
a	249	374	4036
a	47	175	664
a	71	213	1471
a	203	421	2901
a	278	337	3462
a	69	436	3007
a	142	256	2712
a	236	427	3091
a	38	369	3091
a	293	188	525
a	424	37	1932
a	254	338	2804
a	258	39	842
a	139	488	3706
a	12	344	943
a	452	23	3836
a	201	273	4661
a	372	206	3058
a	230	228	3153
a	361	91	4689
a	159	168	3093
a	272	452	955
a	152	154	38
a	315	358	1933
a	484	230	3508
a	159	462	3941
a	381	362	4665
a	241	415	3278
a	385	389	336
a	190	336	2960
a	284	316	1713
a	270	379	2920
a	57	110	4021
a	242	146	2005
a	425	498	2038
a	5	246	775
a	191	223	2222
a	375	3	3749
a	288	5	1169
a	322	316	4933
a	407	373	4220
a	118	338	4848
a	155	452	803
a	353	451	3976
a	283	56	4873
a	123	313	2229
a	469	285	2273
a	255	300	4741
a	23	442	782
a	122	115	537
a	231	311	2033
a	69	424	692
a	14	299	932
a	448	135	3516
a	353	30	3109
a	279	242	547
a	396	46	29
a	93	212	4981
a	79	97	4312
a	500	202	2445
a	83	98	1496
a	281	75	3191
a	125	340	1297
a	126	23	1203
a	254	40	1852
a	10	410	196
a	415	129	843
a	183	229	3425
a	174	472	3633
a	474	382	2692
a	55	303	849
a	372	337	4201
a	474	481	3134
a	9	444	189
a	319	219	3678
a	493	340	3217
a	265	228	4617
a	266	311	3755
a	440	126	965
a	436	234	2520
a	274	253	2015
a	19	66	791
a	422	13	3048
a	260	440	1091
a	8	465	2709
a	407	443	3227
a	321	190	2287
a	89	138	2787
a	113	60	3061
a	298	134	2652
a	179	441	1659
a	473	148	94
a	492	208	4786
a	155	416	2417
a	28	82	3087
a	363	325	2730
a	274	302	2591
a	283	4	4185
a	288	382	340
a	293	227	4327
a	38	302	4448
a	287	453	4272
a	141	47	328
a	435	366	1593
a	74	18	4780
a	28	487	294
a	468	238	1400
a	254	283	3152
a	444	343	997
a	92	321	4675
a	258	495	979
a	373	344	3797
a	211	53	4304
a	304	192	3493
a	106	52	1867
a	46	336	4158
a	417	400	2702
a	182	144	4878
a	58	418	3617
a	21	30	488
a	239	353	1164
a	408	205	2379
a	48	84	3853
a	286	210	4194
a	452	254	3392
a	58	21	4611
a	176	232	961
a	394	51	4234
a	285	266	1100
a	361	188	4677
a	45	394	4202
a	149	412	1761
a	446	246	1033
a	100	125	139
a	260	269	17
a	398	407	4730
a	401	337	62
a	458	386	245
a	388	105	3887
a	412	119	3403
a	203	90	2659
a	469	243	2170
a	236	162	887
a	368	490	2958
a	231	409	2521
a	401	12	4996
a	113	314	3307
a	482	209	1918
a	491	389	2322
a	278	293	2371
a	316	104	2375
a	173	433	4457
a	28	340	4091
a	41	199	1211
a	400	98	4442
a	139	463	259
a	291	152	3228
a	37	484	154
a	151	380	2606
a	316	317	39
a	373	316	2826
a	433	127	3186
a	438	123	664
a	319	428	3016
a	196	57	478
a	305	278	679
a	456	134	2736
a	295	439	378
a	405	211	3504
a	105	97	3534
a	428	363	2522
a	357	91	2630
a	72	453	3660
a	493	395	914
a	115	425	4532
a	404	396	2962
a	120	465	4902
a	379	364	4755
a	417	15	4669
a	15	456	1479
a	66	48	3683
a	158	448	3927
a	118	452	1019
a	194	492	236
a	14	131	902
a	80	267	1188
a	393	418	3515
a	160	403	3810
a	143	330	3461
a	274	487	4185
a	4	12	2693
a	482	2	3220
a	445	398	544
a	448	13	161
a	108	95	1421
a	112	154	2673
a	250	248	4664
a	175	187	1508
a	144	165	2911
a	387	459	1085
a	26	56	2106
a	226	464	2808
a	139	491	1874
a	358	253	204
a	382	247	2370
a	258	471	459
a	487	296	4151
a	349	263	1152
a	248	102	3062
a	338	24	729
a	328	30	4838
a	97	327	239
a	206	35	3469
a	150	459	3311
a	465	411	4076
a	101	152	4783
a	48	28	4665
a	129	253	1624
a	171	358	3466
a	72	481	74
a	76	473	4205
a	275	324	649
a	385	388	4158
a	209	184	313
a	124	461	2750
a	238	445	2579
a	256	151	1039
a	313	106	601
a	440	500	2676
a	100	422	1875
a	321	439	689
a	194	191	1354
a	232	118	4716
a	195	394	2640
a	158	258	3501
a	237	251	4428
a	63	387	4965
a	194	46	4796
a	303	496	2307
a	275	147	276
a	109	82	3873
a	237	29	1291
a	131	432	3272
a	189	346	3921
a	118	288	4813
a	228	288	1529
a	427	461	2193
a	194	496	3148
a	216	296	2447
a	165	209	1908
a	249	416	226
a	56	256	2070
a	94	107	4820
a	154	260	2388
a	108	67	1417
a	3	57	274
a	282	224	1113
a	264	427	2930
a	107	125	1152
a	117	44	4222
a	154	38	4910
a	302	86	4354
a	175	460	402
a	50	215	3028
a	349	73	3221
a	244	161	2804
a	406	240	3160
a	340	380	2120
a	486	61	148
a	215	465	1050
a	148	414	3687
a	77	464	544
a	277	254	4369
a	10	411	3041
a	304	180	2732
a	324	63	4817
a	92	51	1839
a	182	181	2530
a	451	180	2212
a	495	39	2919
a	471	30	3856
a	310	152	1592
a	6	129	3792
a	134	74	2327
a	138	25	2989
a	72	285	5
a	181	229	2509
a	474	401	578
a	110	309	4487
a	152	405	3143
a	200	417	2617
a	111	213	2787
a	422	288	568
a	436	68	1946
a	20	490	3711
a	265	453	3408
a	303	261	4596
a	298	135	1187
a	237	402	211
a	99	113	2143
a	283	150	3785
a	32	150	2231
a	86	345	2026
a	340	220	3876
a	255	451	2235
a	117	415	3153
a	141	191	4040
a	145	324	3525
a	224	347	2539
a	212	244	3164
a	47	309	3312
a	122	374	3812
a	141	272	4940
a	40	445	3222
a	487	483	4071
a	239	499	851
a	281	215	4511
a	139	17	1515
a	346	358	3231
a	370	288	1850
a	101	208	2154
a	183	494	4928
a	348	431	2458
a	171	430	1369
a	135	267	4194
a	234	450	817
a	176	471	4187
a	43	121	3851
a	266	296	2604
a	218	225	4015
a	369	75	993
a	332	89	3990
a	39	461	635
a	496	161	282
a	278	472	2979
a	400	310	1713
a	188	461	1955
a	481	317	386
a	374	416	1335
a	14	369	416
a	17	51	1103
a	61	170	2945
a	282	169	581
a	467	239	4288
a	340	103	3347
a	95	415	3423
a	175	388	4306
a	268	42	1108
a	443	52	1082
a	151	383	2944
a	68	463	4548
a	272	316	3795
a	477	365	4431
a	376	128	4119
a	21	192	1944
a	187	184	4562
a	25	5	4633
a	314	45	809
a	333	255	706
a	208	472	5
a	432	144	3443
a	367	32	2201
a	263	293	113
a	266	27	546
a	57	374	2707
a	318	335	491
a	101	69	1462
a	417	14	4268
a	346	156	3944
a	381	309	1658
a	241	322	4657
a	342	448	4028
a	473	279	4179
a	124	136	3785
a	274	179	2848
a	190	103	2762
a	321	101	4512
a	89	193	3563
a	237	457	3964
a	127	494	361
a	402	305	892
a	240	81	1740
a	226	28	979
a	84	162	1575
a	122	93	2944
a	288	423	995
a	131	19	2546
a	409	405	4648
a	173	404	3669
a	362	479	2951
a	64	77	4047
a	154	451	2051
a	250	360	2354
a	268	127	92
a	463	492	2018
a	235	133	4231
a	349	405	27
a	500	103	3963
a	349	262	4487
a	439	132	1317
a	258	327	3721
a	262	391	3087
a	211	349	4065
a	177	413	2877
a	201	279	4299
a	495	157	4934
a	328	110	1508
a	480	313	2691
a	238	352	3734
a	55	378	1925
a	381	360	2369
a	389	435	2641
a	228	237	1158
a	381	473	315
a	474	45	184
a	147	129	2677
a	423	212	2713
a	308	180	2736
a	323	465	2583
a	237	139	3715
a	425	257	3388
a	321	208	4672
a	86	80	4754
a	161	271	2771
a	470	499	869
a	143	395	3613
a	113	22	2115
a	369	236	440
a	27	354	3662
a	118	289	1204
a	397	300	1095
a	289	419	1852
a	143	312	4226
a	365	376	1469
a	496	233	3346
a	424	342	3972
a	169	38	2836
a	383	229	641
a	297	138	1890
a	487	139	749
a	224	449	1607
a	23	37	4409
a	264	428	955
a	69	295	1533
a	59	497	662
a	409	147	3449
a	178	368	1984
a	16	91	878
a	419	102	4892
a	59	223	406
a	451	409	4244
a	55	11	1107
a	475	271	4081
a	441	403	1402
a	153	7	622
a	466	198	3501
a	475	188	2117
a	261	442	2392
a	172	11	4026
a	128	97	1529
a	419	418	3978
a	461	180	3873
a	312	220	1848
a	105	491	1208
a	313	246	1931
a	422	432	2032
a	51	422	668
a	275	174	4188
a	242	263	1948
a	332	389	3176
a	284	32	3380
a	378	327	4736
a	242	406	3966
a	265	341	1899
a	269	261	1718
a	237	401	2340
a	242	489	1962
a	425	31	1000
a	189	238	4269
a	249	323	3014
a	377	374	815
a	29	389	2984
a	288	257	1915
a	71	159	4819
a	364	171	3827
a	316	70	944
a	62	422	3305
a	349	138	2772
a	411	491	1802
a	164	225	152
a	259	207	278
a	49	295	1726
a	311	227	4049
a	391	331	782
a	301	457	4037
a	287	138	1394
a	362	201	73
a	148	460	3405
a	58	334	1595
a	335	158	4451
a	211	420	294
a	486	222	86
a	244	459	4167
a	390	419	1457
a	300	37	3746
a	149	184	2206
a	408	126	4839
a	437	253	1136
a	77	166	1522
a	318	336	4960
a	229	123	4866
a	416	295	4602
a	5	187	4722
a	375	167	697
a	401	454	3290
a	494	339	4769
a	132	306	3253
a	345	225	598
a	294	26	4560
a	194	390	3091
a	398	4	492
a	222	328	2335
a	422	190	1023
a	492	54	222
a	317	61	3404
a	236	51	2101
a	164	464	49
a	118	11	4093
a	344	244	4259
a	363	176	3119
a	359	388	672
a	331	431	4672
a	236	352	1795
a	339	25	711
a	432	341	2852
a	337	473	1414
a	267	498	1656
a	70	389	4676
a	172	429	4647
a	174	423	3448
a	67	302	543
a	234	261	4290
a	253	39	1763
a	129	151	632
a	276	98	4113
a	77	249	1619
a	498	398	3786
a	244	350	4833
a	232	382	116
a	30	49	452
a	285	492	53
a	57	373	2909
a	24	106	983
a	171	397	550
a	72	342	4683
a	241	321	4947
a	261	148	4500
a	128	375	4208
a	422	361	3780
a	351	285	3021
a	170	222	3953
a	392	300	2099
a	485	455	111
a	218	373	1693
a	203	235	1422
a	479	14	3798
a	264	117	4144
a	14	129	3692
a	472	248	742
a	398	224	2263
a	402	159	4127
a	133	285	1081
a	265	365	2766
a	104	387	1178
a	421	18	2177
a	388	365	465
a	60	293	4619
a	335	365	4126
a	341	316	3838
a	278	199	2608
a	373	75	4015
a	411	290	4926
a	349	242	2830
a	3	108	120
a	500	322	4907
a	302	56	2011
a	144	54	341
a	92	267	4789
a	311	43	1840
a	82	241	3795
a	432	448	2715
a	211	348	2748
a	352	134	743
a	480	331	6
a	153	475	3685
a	49	218	3557
a	371	19	4803
a	172	32	2400
a	305	385	1600
a	300	380	1108
a	90	122	5000
a	18	495	113
a	460	88	983
a	392	200	2850
a	270	233	3991
a	99	377	1367
a	189	487	3173
a	496	155	339
a	341	13	3488
a	344	287	4567
a	179	350	2470
a	270	11	1498
a	240	144	1725
a	264	224	4407
a	249	422	3284
a	344	398	3086
a	273	144	2590
a	487	27	928
a	363	9	1710
a	130	426	2996
a	3	72	1506
a	499	358	3447
a	174	146	4865
a	311	15	2061
a	40	338	2917
a	34	400	3328
a	385	58	442
a	404	241	3236
a	106	497	572
a	200	118	2101
a	333	134	3040
a	261	441	4811
a	186	408	2730
a	24	51	3964
a	243	169	4352
a	276	26	243
a	100	358	4631
a	423	405	207
a	447	19	1612
a	265	152	4827
a	247	358	2603
a	295	44	4967
a	464	488	226
a	105	490	2183
a	195	360	2779
a	270	346	3724
a	351	341	4212
a	356	189	3025
a	214	55	4794
a	345	132	1636
a	401	362	4094
a	332	390	3411
a	356	268	1183
a	146	81	1716
a	132	12	2198
a	56	286	2839
a	307	399	4151
a	113	492	4042
a	463	129	1532
a	84	74	2299
a	424	143	1217
a	376	392	4866
a	211	73	1019
a	175	482	1661
a	93	53	4528
a	349	476	2204
a	258	413	1871
a	301	89	2576
a	196	448	3834
a	10	268	4080
a	309	272	3886
a	10	159	2284
a	234	433	1341
a	111	21	1897
a	441	249	835
a	63	150	250
a	214	262	3107
a	159	387	3476
a	459	493	3220
a	428	416	3801
a	263	481	4523
a	360	118	1141
a	181	104	4218
a	275	92	4334
a	265	406	1138
a	270	161	1707
a	275	205	4807
a	401	231	1805
a	237	483	3505
a	189	128	4560
a	23	281	3820
a	460	469	2395
a	188	463	2197
a	189	98	4328
a	178	245	7
a	363	179	3140
a	38	329	1740
a	445	329	3751
a	83	449	212
a	175	273	4724
a	130	402	4241
a	387	353	2593
a	61	394	3944
a	174	91	3917
a	44	451	3824
a	475	473	3546
a	150	179	1133
a	408	270	3573
a	254	103	571
a	372	246	2441
a	499	237	335
a	337	250	4962
a	266	182	3336
a	267	211	3957
a	181	313	2169
a	474	309	2914
a	159	470	2917
a	381	322	4880
a	76	432	1715
a	91	85	951
a	295	103	3369
a	389	494	1238
a	256	317	753
a	241	209	2057
a	134	306	3434
a	191	167	655
a	104	87	1417
a	30	355	4819
a	189	450	153
a	118	424	2939
a	389	128	923
a	318	62	4604
a	264	118	992
a	473	160	1860
a	321	20	536
a	288	219	391
a	397	488	3134
a	17	396	2529
a	98	81	2950
a	246	89	3688
a	51	93	1728
a	476	470	176
a	283	382	2712
a	212	72	4542
a	126	434	664
a	17	174	1306
a	169	379	3426
a	224	261	3693
a	480	255	3129
a	478	414	4100
a	207	68	3777
a	13	267	1980
a	31	187	4763
a	291	6	369
a	382	468	1639
a	484	396	3002
a	49	217	3878
a	79	461	4483
a	324	484	764
a	252	134	1814
a	290	423	4012
a	440	264	3355
a	58	187	353
a	77	109	1605
a	111	77	3662
a	247	306	865
a	450	208	913
a	158	257	4036
a	124	63	2176
a	464	412	3007
a	104	179	4773
a	416	223	3114
a	15	41	3790
a	271	83	2701
a	403	459	525
a	204	86	3477
a	398	82	1530
a	365	229	2123
a	469	199	2755
a	242	451	1775
a	145	162	1680
a	237	316	3771
a	402	275	1635
a	331	187	816
a	169	36	728
a	202	164	4502
a	387	10	811
a	64	141	4481
a	136	266	1709
a	383	116	2191
a	374	281	4244
a	279	270	2740
a	49	313	211
a	287	259	2979
a	35	378	2502
a	22	84	3470
a	121	159	1925
a	490	44	2552
a	486	48	2066
a	305	113	3931
a	102	96	4022
a	390	453	1198
a	413	237	4672
a	360	396	1224
a	414	233	1095
a	149	388	2564
a	43	129	96
a	261	346	1364
a	67	7	4710
a	232	198	4486
a	242	35	3370
a	157	10	112
a	398	268	390
a	256	485	1766
a	449	500	2848
a	403	487	1483
a	497	448	4328
a	425	355	1198
a	479	48	2533
a	227	171	402
a	123	10	2985
a	380	411	2090
a	189	379	1540
a	29	274	2972
a	436	443	3583
a	269	229	889
a	17	84	222
a	457	285	627
a	292	346	1614
a	118	92	4800
a	374	458	1239
a	175	143	1864
a	340	78	1775
a	469	430	705
a	487	62	4932
a	98	379	1795
a	487	399	3974
a	182	330	1598
a	443	154	923
a	432	393	2359
a	34	437	2989
a	358	410	2446
a	357	210	4968
a	148	147	2122
a	489	379	2866
a	162	51	4723
a	241	458	1592
a	149	311	3872
a	53	60	2052
a	313	167	1308
a	137	497	406
a	321	380	2574
a	473	425	739
a	81	348	3426
a	63	452	1417
a	53	222	4043
a	469	14	4539
a	436	377	4120
a	269	295	45
a	109	168	3324
a	189	240	1803
a	155	384	599
a	250	14	1436
a	231	405	4961
a	240	40	2110
a	368	125	1908
a	222	104	3464
a	468	40	1141
a	387	66	2899
a	264	407	3614
a	122	439	4741
a	326	85	3542
a	46	180	4276
a	410	16	4846
a	273	488	61
a	358	213	2915
a	225	128	2164
a	151	376	867
a	444	486	2559
a	396	321	2803
a	126	192	3191
a	419	32	3692
a	40	299	4905
a	83	143	3360
a	432	437	3112
a	417	455	2718
a	187	189	1223
a	172	431	1336
a	337	360	1539
a	304	127	3690
a	486	331	1393
a	408	45	596
a	54	62	1764
a	43	299	181
a	486	437	437
a	324	272	492
a	461	233	3151
a	11	294	1840
a	485	227	2602
a	266	489	4102
a	15	310	1221
a	483	367	601
a	90	23	1285
a	19	17	534
a	256	429	182
a	237	53	611
a	344	436	2397
a	435	31	4414
a	492	20	1823
a	165	138	3883
a	293	69	692
a	231	441	3344
a	378	95	2601
a	341	329	3995
a	226	27	3099
a	122	88	2949
a	311	406	4885
a	293	167	1246
a	368	232	2596
a	338	464	705
a	246	201	4114
a	175	327	3916
a	224	407	2586
a	188	50	1668
a	279	229	2146
a	362	365	3531
a	454	277	3784
a	202	498	551
a	420	397	4321
a	69	98	3661
a	36	125	536
a	420	284	1367
a	444	394	4188
a	248	251	1219
a	361	316	4610
a	224	100	71
a	168	476	444
a	230	14	3453
a	267	16	3203
a	489	128	2038
a	419	173	3959
a	150	463	271
a	305	310	2285
a	314	204	2956
a	480	316	4455
a	120	275	345
a	105	65	1713
a	395	261	856
a	286	46	1198
a	67	413	1151
a	489	307	2912
a	100	467	1803
a	20	252	332
a	299	476	2810
a	375	105	4219
a	213	382	2196
a	285	129	4610
a	124	175	4256
a	327	266	1485
a	111	403	3072
a	369	16	1055
a	464	300	327
a	270	158	3657
a	15	89	2652
a	237	25	4049
a	427	449	1555
a	99	89	4711
a	344	400	1268
a	455	388	1677
a	278	391	1292
a	62	318	378
a	412	345	3871
a	198	174	467
a	112	43	3685
a	445	287	117
a	50	497	2668
a	178	186	2611
a	268	312	927
a	434	16	2669
a	359	377	1065
a	23	38	4588
a	151	109	1541
a	362	318	4929
a	93	190	3848
a	169	342	28
a	64	428	614
a	92	378	2584
a	255	158	2382
a	334	299	3633
a	406	244	2321
a	359	172	3448
a	197	17	288
a	202	377	2393
a	330	434	2474
a	444	430	2809
a	484	466	59
a	451	184	1616
a	314	224	354
a	334	231	4006
a	238	259	3616
a	370	139	733
a	252	171	550
a	208	193	4744
a	6	20	511
a	78	283	3641
a	485	315	2413
a	238	93	3176
a	379	153	3565
a	270	344	287
a	146	282	4304
a	422	439	1091
a	6	310	2830
a	9	18	4573
a	436	247	2571
a	365	55	4203
a	437	346	4440
a	422	6	1553
a	80	169	105
a	470	274	784
a	8	421	2091
a	136	122	3414
a	109	195	3108
a	402	229	799
a	354	170	2307
a	65	37	2746
a	32	170	4308
a	14	494	2899
a	113	273	2871
a	496	103	4593
a	362	387	2732
a	89	329	4223
a	202	40	3090
a	131	108	150
a	37	378	3542
a	231	52	3529
a	468	346	2360
a	93	51	583
a	468	457	752
a	73	63	203
a	324	136	358
a	490	144	1033
a	263	31	4346
a	328	90	4737
a	58	431	1091
a	82	473	1128
a	234	300	1773
a	125	85	2794
a	58	30	3008
a	243	22	1840
a	44	29	1513
a	172	234	2903
a	229	23	1023
a	147	476	3081
a	356	125	3522
a	493	196	2733
a	318	433	3246
a	398	489	391
a	137	65	2524
a	375	81	4385
a	393	175	1318
a	161	347	3788
a	388	86	2107
a	284	7	355
a	27	303	692
a	247	136	1261
a	363	407	3089
a	222	478	2416
a	14	458	2326
a	401	7	3550
a	359	304	2084
a	469	464	3185
a	330	54	189
a	496	274	1425
a	355	473	591
a	330	153	370
a	193	391	2563
a	377	226	840
a	144	205	3083
a	126	487	2360
a	26	33	2303
a	338	271	3334
a	1	485	3968
a	384	491	1585
a	349	397	4826
a	163	89	718
a	480	51	1891
a	462	199	1740
a	12	178	3877
a	489	171	1933
a	480	273	3242
a	381	239	635
a	443	500	4480
a	11	200	234
a	176	137	2468
a	234	403	4032
a	399	353	1844
a	446	151	4058
a	11	438	695
a	53	31	1477
a	75	328	1964
a	158	453	1394
a	449	221	3982
a	56	361	926
a	222	69	3549
a	355	356	123
a	251	439	4024
a	364	238	559
a	311	401	597
a	316	9	1833
a	61	202	1515
a	500	478	1272
a	325	213	2083
a	3	81	267
a	169	377	3920
a	192	182	786
a	306	130	823
a	272	126	2890
a	480	241	2979
a	466	444	3442
a	487	295	1004
a	477	333	203
a	390	332	1087
a	24	316	2562
a	120	165	1949
a	408	10	320
a	347	15	621
a	21	450	2481
a	149	253	4305
a	336	284	891
a	394	244	487
a	379	414	676
a	290	421	2281
a	58	185	3774
a	385	415	4479
a	176	403	1271
a	30	306	4381
a	199	425	968
a	275	41	1380
a	494	159	2993
a	152	348	4333
a	243	413	618
a	345	173	684
a	99	378	4569
a	118	340	1670
a	71	38	4815
a	131	341	4465
a	350	107	3423
a	93	268	1490
a	383	118	877
a	59	388	3674
a	500	306	3899
a	144	134	4842
a	70	4	2536
a	168	12	634
a	409	230	2814
a	102	437	623
a	466	416	801
a	432	272	2655
a	36	146	803
a	102	151	1229
a	106	218	1374
a	395	245	2746
a	337	294	3201
a	324	36	3096
a	22	295	3686
a	176	115	1452
a	124	264	389
a	323	2	3277
a	147	304	3060
a	149	386	2473
a	137	330	832
a	18	447	1524
a	200	422	872
a	369	465	3302
a	422	293	3073
a	357	368	4861
a	493	112	1423
a	190	80	3430
a	100	214	3195
a	437	345	432
a	317	307	162
a	85	215	4202
a	388	2	182
a	142	49	173
a	19	294	22
a	460	428	4733
a	155	422	4679
a	89	430	4773
a	226	81	3588
a	136	345	2576
a	467	361	1050
a	292	324	2453
a	94	72	1228
a	320	5	890
a	362	384	1141
a	131	111	1398
a	95	422	923
a	206	416	4008
a	64	393	2799
a	301	436	3026
a	383	328	3143
a	335	245	4699
a	36	182	2262
a	201	241	2953
a	330	471	990
a	40	305	1188
a	234	11	3844
a	126	53	2827
a	254	78	3639
a	121	411	4160
a	36	404	286
a	257	65	1407
a	177	298	4529
a	489	488	3142
a	498	358	2515
a	451	36	2919
a	256	54	462
a	67	84	675
a	417	101	3978
a	295	124	2186
a	6	497	3188
a	270	394	3891
a	53	58	2381
a	418	393	2013
a	498	219	2487
a	56	129	4390
a	203	195	4633
a	15	144	4282
a	296	462	628
a	482	393	1998
a	283	216	3629
a	237	369	739
a	19	322	3560
a	350	144	1980
a	297	36	2797
a	8	209	2376
a	283	73	1323
a	491	490	4016
a	435	291	445
a	373	115	3243
a	3	116	3850
a	349	234	366
a	169	284	2163
a	151	404	2
a	415	259	40
a	435	449	3135
a	140	26	2776
a	415	400	2594
a	429	116	1835
a	69	29	4853
a	149	6	837
a	480	419	948
a	49	178	656
a	267	71	4512
a	417	438	3062
a	21	60	4207
a	358	279	68
a	238	329	767
a	314	153	3410
a	79	411	2380
a	241	500	2300
a	190	447	3876
a	403	210	3112
a	15	417	1502
a	33	194	4858
a	143	13	4641
a	191	305	3334
a	158	458	4028
a	345	193	2520
a	369	251	4983
a	109	249	3397
a	284	155	3292
a	29	472	1559
a	401	81	127
a	80	400	4899
a	84	312	3433
a	84	175	613
a	140	329	1631
a	131	22	4869
a	362	472	1794
a	326	183	2125
a	311	257	2817
a	50	45	1871
a	490	420	598
a	272	127	874
a	127	41	3874
a	304	416	1197
a	73	101	38
a	79	168	2102
a	443	196	3119
a	300	203	2307
a	248	108	4350
a	10	481	3618
a	55	83	949
a	7	460	3988
a	215	158	3340
a	437	128	1016
a	24	475	217
a	200	316	3124
a	366	137	1292
a	210	397	4542
a	488	119	4701
a	342	374	1233
a	191	119	1845
a	450	47	3187
a	241	67	3427
a	288	28	2602
a	412	437	3505
a	75	85	4
a	80	493	1554
a	155	477	3583
a	273	106	3557
a	175	7	2033
a	434	191	3325
a	293	200	825
a	175	244	2475
a	349	161	1899
a	350	394	4700
a	64	63	310
a	468	209	4655
a	457	64	1443
a	282	29	2926
a	174	39	2324
a	150	143	4148
a	64	332	1592
a	211	399	1883
a	1	349	4059
a	475	258	4490
a	224	2	1080
a	187	118	2114
a	410	411	2374
a	196	488	1217
a	235	386	1766
a	257	100	3469
a	7	48	551
a	55	292	4651
a	157	372	1076
a	360	352	1235
a	11	130	3711
a	110	332	508
a	475	81	4729
a	134	76	2501
a	157	229	1225
a	67	123	752
a	369	464	3461
a	265	237	2782
a	29	92	2649
a	194	157	4192
a	289	247	2268
a	474	189	387
a	321	262	2556
a	85	357	121
a	494	299	4467
a	354	326	3653
a	356	264	4827
a	473	108	2235
a	142	54	4135
a	479	467	732
a	213	227	2071
a	341	414	361
a	27	99	1417
a	113	480	3603
a	222	2	2661
a	62	427	3621
a	476	409	176
a	151	115	3888
a	150	73	763
a	480	203	2575
a	49	427	4794
a	358	191	3
a	339	241	2749
a	258	409	3783
a	405	486	3125
a	173	10	728
a	287	6	1025
a	384	303	4296
a	97	272	60
a	120	111	3014
a	466	167	2002
a	304	86	2599
a	149	82	3880
a	43	435	1630
a	339	444	162
a	399	414	3075
a	360	348	280
a	137	276	3190
a	381	299	2788
a	493	305	176
a	205	253	3845
a	100	405	4515
a	265	184	3688
a	147	188	1974
a	80	105	1499
a	321	369	2409
a	29	32	4400
a	156	310	586
a	303	449	1678
a	52	199	3696
a	271	103	579
a	66	39	2241
a	356	349	1445
a	180	35	3641
a	401	330	4917
a	403	260	1051
a	189	156	238
a	320	469	3099
a	191	498	1745
a	400	413	396
a	388	374	3519
a	133	437	3415
a	283	72	2148
a	273	50	4453
a	203	433	4588
a	62	500	1749
a	397	81	1656
a	74	430	2520
a	478	132	1177
a	355	475	880
a	28	339	2447
a	192	172	4719
a	225	20	3797
a	102	370	4100
a	12	78	2727
a	36	68	2312
a	468	495	2279
a	7	346	3866
a	282	375	303
a	305	190	1054
a	490	242	1290
a	25	15	1559
a	135	54	2986
a	417	437	1274
a	498	312	4628
a	360	297	2617
a	233	61	252
a	495	101	2680
a	462	278	1255
a	195	121	1630
a	314	265	4836
a	87	44	1518
a	289	93	1134
a	209	230	3750
a	446	149	2197
a	265	212	1836
a	132	396	2013
a	308	77	1504
a	165	452	2825
a	167	186	2839
a	354	415	4136
a	191	304	1429
a	492	369	3411
a	369	250	4081
a	482	315	1685
a	492	128	4754
a	113	253	60
a	222	297	727
a	136	52	4203
a	355	136	4777
a	374	228	707
a	388	362	3544
a	212	374	794
a	26	353	3908
a	226	137	4369
a	468	190	473
a	490	274	2729
a	335	398	1370
a	468	301	2062
a	12	114	1171
a	358	244	330
a	13	263	4053
a	107	436	809
a	168	304	4867
a	396	352	4767
a	16	132	3466
a	130	148	4125
a	305	218	1223
a	385	66	2136
a	67	352	759
a	186	30	869
a	31	362	2945
a	54	25	2503
a	403	128	849
a	276	242	1932
a	208	216	529
a	137	300	2616
a	52	409	1912
a	369	299	861
a	403	241	3364
a	208	119	1542
a	204	451	275
a	85	320	464
a	123	245	1490
a	109	442	546
a	143	96	2759
a	275	152	2830
a	8	317	1543
a	458	453	999
a	332	494	1939
a	27	376	4655
a	375	392	1278
a	213	93	623
a	491	292	2215
a	255	327	1963
a	75	37	4972
a	306	66	1511
a	435	282	1248
a	409	379	2312
a	46	128	2029
a	411	261	4187
a	95	477	2390
a	178	411	3886
a	457	208	4598
a	311	149	4223
a	410	198	4824
a	306	311	2203
a	153	152	3162
a	451	415	2094
a	490	187	2410
a	36	227	762
a	439	230	3945
a	177	435	741
a	324	38	4919
a	7	51	1321
a	447	312	314
a	196	120	1707
a	110	482	1042
a	201	390	4102
a	220	358	2427
a	441	375	4047
a	82	274	4567
a	48	398	208
a	234	489	4924
a	247	381	1343
a	275	470	2089
a	114	18	2930
a	422	347	4647
a	180	473	4477
a	18	460	90
a	137	42	4472
a	303	413	1903
a	180	72	592
a	388	125	4260
a	119	69	34
a	398	50	2859
a	19	187	3704
a	497	341	4920
a	132	122	662
a	8	424	184
a	393	402	565
a	108	361	1625
a	327	9	4627
a	331	202	2125
a	4	60	3128
a	132	9	404
a	260	198	4139
a	355	337	2255
a	193	158	870
a	131	192	2869
a	302	155	3003
a	255	89	4680
a	40	21	1978
a	23	180	4901
a	230	280	3674
a	192	367	628
a	301	451	3525
a	163	15	973
a	92	127	1613
a	162	365	1959
a	220	475	1935
a	79	272	2413
a	172	86	4388
a	120	223	311
a	148	159	2367
a	348	311	664
a	390	52	1545
a	48	475	2955
a	485	122	890
a	414	190	908
a	347	73	2476
a	185	150	3276
a	392	472	4711
a	205	252	4203
a	498	70	3796
a	427	78	1924
a	356	120	2387
a	323	369	3078
a	90	140	4176
a	53	56	3932
a	91	253	4386
a	242	67	988
a	43	126	4362
a	6	390	1230
a	321	368	2348
a	137	215	1874
a	294	111	2723
a	448	283	555
a	146	174	3264
a	278	467	2865
a	189	12	2484
a	140	464	1691
a	320	244	1431
a	74	431	4985
a	259	115	1444
a	491	10	3528
a	245	55	633
a	406	192	2892
a	500	155	1096
a	151	263	3484
a	102	371	1378
a	429	225	4210
a	267	266	1566
a	92	317	3566
a	349	394	2326
a	22	16	2849
a	408	484	1886
a	301	39	1530
a	429	114	1217
a	339	140	4605
a	257	129	1501
a	22	387	4073
a	358	43	3191
a	106	16	3968
a	319	468	1240
a	215	263	289
a	77	354	2965
a	115	147	4427
a	153	370	2857
a	286	54	3871
a	305	415	2862
a	381	236	1583
a	367	41	443
a	200	258	4973
a	135	356	2419
a	263	435	2399
a	205	224	3538
a	208	140	2371
a	104	92	2785
a	167	181	54
a	327	435	2208
a	240	283	1738
a	165	340	4243
a	482	312	650
a	247	248	2222
a	198	420	3571
a	240	362	1653
a	113	252	4271
a	29	470	1921
a	368	14	4343
a	165	7	4390
a	169	92	2113
a	113	431	1573
a	50	88	3868
a	359	422	3517
a	192	137	1353
a	411	425	1882
a	25	351	3864
a	387	320	1994
a	23	252	2687
a	410	227	1393
a	69	110	231
a	282	473	3377
a	16	133	4736
a	291	13	3955
a	126	115	4476
a	419	337	1655
a	442	18	4154
a	174	453	1984
a	414	468	3961
a	153	334	843
a	262	152	3261
a	266	87	4673
a	450	408	3600
a	253	453	1358
a	24	477	3792
a	158	104	2295
a	295	177	1922
a	185	424	4271
a	333	288	1550
a	240	424	2476
a	241	65	2760
a	497	479	3946
a	378	298	1357
a	218	339	4074
a	199	200	2151
a	75	454	4936
a	5	415	541
a	260	92	2574
a	318	174	3177
a	166	98	779
a	133	379	4772
a	179	469	1503
a	472	73	1756
a	387	224	3699
a	155	76	1366
a	122	9	1614
a	364	190	1559
a	264	452	1897
a	84	205	1501
a	292	434	3423
a	476	439	1407
a	463	171	3696
a	175	359	2593
a	415	308	3152
a	330	220	4013
a	95	476	2773
a	154	46	967
a	282	27	2713
a	248	317	810
a	371	441	3160
a	117	165	2570
a	391	348	2683
a	451	497	2361
a	382	27	3249
a	330	446	71
a	31	154	1994
a	272	379	3014
a	183	79	338
a	115	218	2075
a	7	50	2114
a	125	77	3293
a	461	75	893
a	336	364	4846
a	138	446	4512
a	196	136	4634
a	381	148	4792
a	347	108	1246
a	419	427	2291
a	171	442	1975
a	447	25	325
a	147	309	1793
a	313	29	758
a	484	18	1952
a	157	148	1496
a	15	362	536
a	218	21	779
a	298	109	4596
a	240	468	692
a	75	277	2627
a	216	413	2892
a	28	52	4313
a	179	384	1543
a	320	378	690
a	278	423	314
a	27	101	3181
a	383	134	2494
a	94	79	3501
a	188	400	147
a	131	80	324
a	491	190	4500
a	435	486	3509
a	457	98	1835
a	83	408	3363
a	443	32	941
a	197	241	3926
a	405	484	2981
a	301	83	3584
a	159	53	3212
a	79	275	3782
a	11	83	3689
a	475	14	2511
a	186	471	797
a	427	48	1331
a	390	196	4564
a	323	227	2205
a	147	337	2188
a	256	184	740
a	459	483	4938
a	261	185	1231
a	232	39	1285
a	146	378	781
a	474	159	3362
a	156	167	60
a	458	365	1987
a	189	11	4016
a	60	280	1220
a	89	312	3253
a	37	137	2846
a	476	383	3335
a	60	126	3964
a	35	313	2145
a	359	240	1921
a	182	299	4483
a	221	207	950
a	262	403	881
a	390	356	59
a	404	192	2961
a	187	176	3000
a	182	117	2993
a	31	368	3780
a	159	335	3745
a	475	106	2227
a	367	40	3592
a	372	402	4158
a	395	365	3395
a	451	5	185
a	418	198	2869
a	394	175	2885
a	252	239	2969
a	76	317	200
a	223	446	4052
a	24	224	2721
a	498	107	796
a	81	401	125
a	190	269	3829
a	446	155	4402
a	87	159	3761
a	473	287	242
a	81	290	231
a	265	43	1717
a	436	4	2744
a	165	450	3156
a	256	418	214
a	156	139	3793
a	323	394	1687
a	401	308	4174
a	42	46	3742
a	27	414	2021
a	473	219	43
a	166	214	719
a	8	240	1209
a	179	105	1470
a	166	289	4675
a	28	258	1773
a	231	261	3872
a	433	295	4182
a	107	136	3560
a	476	323	2427
a	410	113	4956
a	391	379	2165
a	444	391	3273
a	395	205	1786
a	1	374	3459
a	58	257	4399
a	257	29	3733
a	405	254	1956
a	390	98	3059
a	138	411	4138
a	220	307	3965
a	176	169	1304
a	195	87	4338
a	347	176	1297
a	39	222	1698
a	181	57	1303
a	471	339	1673
a	294	488	2395
a	242	57	991
a	289	232	3050
a	327	368	701
a	30	321	4353
a	33	227	2007
a	347	463	4966
a	114	462	3939
a	191	342	1174
a	416	68	2477
a	317	412	630
a	412	432	4152
a	41	330	2479
a	42	149	4565
a	351	173	3990
a	407	143	4596
a	469	178	99
a	14	23	1132
a	271	492	892
a	454	57	4059
a	166	333	3584
a	353	330	819
a	364	206	2547
a	444	214	2696
a	69	303	3785
a	112	270	1384
a	59	265	3251
a	410	85	10
a	325	70	3091
a	35	241	624
a	258	432	1244
a	97	408	2945
a	25	427	4087
a	466	47	3971
a	106	198	2578
a	254	86	1925
a	148	116	1540
a	7	211	4979
a	87	97	2343
a	78	284	4757
a	261	324	3624
a	238	102	4799
a	357	380	4311
a	143	209	3071
a	418	464	4089
a	293	294	4488
a	421	241	4270
a	104	435	4749
a	388	413	1962
a	38	469	3686
a	193	156	737
a	203	359	4592
a	4	348	3889
a	193	269	2522
a	273	373	3895
a	117	102	2159
a	444	250	610
a	282	205	3851
a	40	23	3018
a	311	330	4961
a	480	206	1112
a	140	114	397
a	50	240	2800
a	362	174	426
a	35	284	3731
a	93	14	1140
a	443	35	986
a	61	464	2634
a	334	264	805
a	410	216	1360
a	362	49	1253
a	70	262	192
a	130	171	1236
a	177	76	1068
a	453	279	2152
a	384	290	3690
a	334	42	1026
a	159	362	4303
a	452	224	4839
a	385	313	1496
a	24	487	2654
a	370	345	3119
a	81	138	2724
a	239	73	2233
a	24	22	2704
a	280	128	2258
a	190	391	1883
a	110	73	2680
a	247	496	3957
a	241	191	3135
a	8	360	286
a	99	297	1197
a	15	111	3319
a	41	369	700
a	166	88	3293
a	199	32	2693
a	136	490	4881
a	340	138	2245
a	127	322	1226
a	387	59	1177
a	179	189	4647
a	472	433	3193
a	202	230	2755
a	166	405	3889
a	151	35	128
a	248	263	1758
a	282	80	1668
a	230	314	4229
a	139	342	2307
a	268	178	4031
a	220	155	3602
a	310	396	4904
a	385	123	4606
a	334	6	4231
a	10	344	2316
a	48	155	3117
a	211	313	3290
a	290	184	3401
a	25	189	1539
a	360	300	4326
a	286	52	450
a	381	234	1181
a	96	358	264
a	367	43	3035
a	81	7	3
a	299	200	2062
a	381	460	631
a	20	230	2717
a	76	318	2059
a	90	110	1300
a	57	95	1616
a	241	91	798
a	303	343	3755
a	51	486	3900
a	271	245	4727
a	5	441	2139
a	75	429	1533
a	242	470	1997
a	431	96	2048
a	246	33	515
a	179	104	4580
a	41	15	3637
a	478	212	4730
a	207	303	3939
a	28	434	3727
a	491	232	4040
a	154	456	4463
a	338	236	3425
a	178	325	2196
a	477	215	697
a	25	462	254
a	444	384	4531
a	279	449	1637
a	12	252	2145
a	31	160	669
a	16	135	1708
a	337	334	4613
a	106	389	540
a	414	474	3118
a	201	495	2649
a	314	214	2974
a	423	280	3837
a	43	269	37
a	379	405	4231
a	209	182	2910
a	347	288	4596
a	314	411	4548
a	280	359	1528
a	380	168	4657
a	20	361	2774
a	42	481	133
a	392	240	343
a	156	377	283
a	123	246	2414
a	394	418	2072
a	434	454	3131
a	455	92	1523
a	113	13	4144
a	496	147	950
a	118	169	174
a	377	353	461
a	284	251	4311
a	117	367	3667
a	231	475	1667
a	198	160	4920
a	353	329	4341
a	363	112	4167
a	142	491	4299
a	168	98	4197
a	439	319	3342
a	387	384	4447
a	151	107	3719
a	279	150	4734
a	193	465	1094
a	221	20	1238
a	267	340	4010
a	359	170	3809
a	306	389	1204
a	415	229	1603
a	163	20	4213
a	35	65	4455
a	186	223	474
a	174	372	3064
a	106	86	659
a	452	126	3833
a	21	15	2414
a	277	117	508
a	120	198	3829
a	139	124	1046
a	68	46	3367
a	474	325	1580
a	385	220	1591
a	172	252	697
a	33	322	195
a	417	227	236
a	128	122	2407
a	403	161	767
a	404	334	1644
a	474	185	2667
a	167	383	2439
a	344	340	4786
a	19	188	4985
a	271	338	3025
a	274	402	49
a	38	123	2222
a	41	421	458
a	259	378	444
a	131	295	210
a	4	206	1899
a	246	105	972
a	40	250	4291
a	222	6	3539
a	482	179	4943
a	320	26	31
a	435	379	1010
a	93	363	1842
a	117	101	1260
a	121	98	2298
a	364	322	2562
a	37	356	2128
a	22	152	1339
a	121	211	2863
a	235	183	3478
a	116	338	1557
a	61	495	2033
a	301	448	3158
a	349	468	1125
a	224	179	3155
a	408	314	323
a	429	412	3292
a	177	67	2439
a	68	364	4253
a	339	354	3932
a	362	65	4167
a	462	28	3333
a	233	180	3509
a	382	279	294
a	447	345	443
a	31	414	2189
a	21	404	4703
a	78	95	1067
a	370	169	705
a	105	172	1690
a	215	51	2753
a	309	58	4410
a	313	63	556
a	243	314	3678
a	426	230	1873
a	265	188	3373
a	208	50	1597
a	318	443	423
a	194	253	1645
a	303	461	4234
a	109	494	470
a	460	152	3984
a	63	461	3586
a	327	456	810
a	76	72	2035
a	62	15	4123
a	264	66	4937
a	469	23	4450
a	39	293	2173
a	422	183	4425
a	170	404	900
a	189	152	1397
a	156	71	4139
a	194	270	1511
a	303	144	514
a	23	273	3108
a	478	110	4815
a	133	433	743
a	329	414	3855
a	457	337	10
a	93	429	3350
a	117	295	1040
a	99	228	790
a	268	367	2382
a	221	265	585
a	430	495	35
a	107	174	3618
a	363	56	3792
a	71	267	2800
a	108	253	513
a	102	487	992
a	117	234	4368
a	112	422	2567
a	44	443	4905
a	267	412	213
a	172	279	752
a	201	353	2795
a	182	75	3470
a	44	104	3617
a	138	485	3348
a	209	56	242
a	263	287	3610
a	465	231	3673
a	312	302	4468
a	242	98	4951
a	43	95	2231
a	416	203	4980
a	252	463	214
a	252	318	690
a	20	436	2703
a	369	254	4490
a	89	207	3290
a	425	205	2658
a	472	112	2401
a	308	286	1808
a	271	394	1086
a	491	461	2509
a	60	318	3279
a	188	491	4981
a	27	47	3942
a	140	326	120
a	88	47	2889
a	64	40	2813
a	338	459	3778
a	279	141	2355
a	71	495	4588
a	409	268	3781
a	74	160	455
a	387	325	1162
a	391	373	2782
a	178	322	4686
a	172	356	4760
a	154	235	2723
a	286	484	4265
a	487	349	802
a	291	14	2644
a	382	77	2870
a	405	26	2957
a	7	459	1424
a	172	25	3138
a	337	222	1534
a	120	282	1525
a	158	111	3978
a	21	317	2856
a	309	114	4553
a	147	139	2279
a	389	458	394
a	137	417	4339
a	345	262	4985
a	271	42	3474
a	418	458	4087
a	366	492	1976
a	170	187	3193
a	497	476	2153
a	9	72	1330
a	434	455	4219
a	445	197	1555
a	169	131	4969
a	74	256	1052
a	436	431	2408
a	402	267	3906
a	188	280	2087
a	8	238	601
a	421	398	412
a	407	111	2563
a	433	496	479
a	278	248	2729
a	188	126	3337
a	35	405	4774
a	198	67	513
a	329	176	3308
a	430	150	4898
a	499	369	3275
a	31	246	880
a	287	152	4446
a	92	480	3499
a	292	226	1316
a	201	168	849
a	150	371	2480
a	361	402	3212
a	91	297	3900
a	348	184	82
a	386	413	4832
a	48	164	420
a	125	74	600
a	348	303	4693
a	438	425	1268
a	257	488	1195
a	138	445	1988
a	125	59	466
a	419	428	4870
a	438	344	497
a	208	297	945
a	342	292	3093
a	30	385	2919
a	440	411	3289
a	460	117	2897
a	321	281	4311
a	104	151	4741
a	53	194	207
a	368	284	257
a	275	184	1481
a	403	495	888
a	294	244	2235
a	100	163	4350
a	156	205	674
a	167	463	1399
a	108	357	4735
a	401	131	1968
a	297	50	2457
a	479	478	3275
a	445	90	165
a	95	142	304
a	316	233	4021
a	175	38	2114
a	481	415	2020
a	445	316	3982
a	476	406	3791
a	466	495	2925
a	233	409	3964
a	475	500	839
a	121	300	2974
a	159	54	4644
a	419	157	707
a	310	81	1576
a	149	93	2687
a	225	463	4582
a	450	428	1371
a	244	332	2804
a	120	338	3865
a	195	128	3980
a	309	392	3399
a	105	147	655
a	204	289	3256
a	484	49	442
a	167	60	3084
a	474	154	3001
a	280	463	3022
a	100	240	3339
a	171	214	4148
a	218	359	4701
a	42	73	1533
a	123	46	1961
a	180	223	3776
a	136	29	3967
a	227	92	1197
a	317	450	2346
a	449	202	2626
a	387	172	3052
a	175	85	4100
a	74	344	4930
a	222	80	4105
a	248	410	1290
a	338	484	4713
a	236	459	847
a	37	182	4266
a	481	20	411
a	127	51	464
a	68	419	2445
a	207	24	3374
a	139	328	4142
a	358	92	3025
a	395	162	3789
a	301	180	1565
a	453	265	521
a	281	184	595
a	106	431	2618
a	34	320	2453
a	295	427	432
a	172	54	471
a	266	14	3848
a	360	460	1914
a	289	80	83
a	343	157	2843
a	91	172	3833
a	128	466	430
a	389	469	4023
a	147	223	4006
a	223	345	288
a	389	247	41
a	322	186	1653
a	327	431	3604
a	332	455	3208
a	216	199	2593
a	368	2	4858
a	133	404	965
a	377	308	2393
a	412	333	657
a	287	496	4470
a	368	224	572
a	41	158	118
a	174	13	1896
a	230	341	2661
a	258	56	2472
a	396	398	3074
a	73	111	3840
a	258	427	3379
a	477	213	3614
a	429	82	3590
a	126	228	829
a	1	331	2946
a	248	114	2494
a	144	349	2862
a	438	83	4216
a	77	433	985
a	334	96	2307
a	465	407	4384
a	200	68	2859
a	286	22	3914
a	209	27	3923
a	422	304	2505
a	327	365	2966
a	167	196	3938
a	351	379	4492
a	99	274	668
a	195	263	4660
a	455	201	1424
a	8	290	1745
a	344	378	2881
a	434	452	3274
a	332	491	1312
a	5	411	1053
a	155	290	4199
a	431	401	1039
a	388	420	810
a	327	177	266
a	492	112	4926
a	444	98	2058
a	287	468	1444
a	454	79	3503
a	283	341	4027
a	377	50	4257
a	74	114	1323
a	153	242	3043
a	262	463	40
a	192	439	1498
a	272	383	1958
a	59	89	4452
a	334	461	4458
a	262	350	1946
a	376	195	4518
a	67	323	3912
a	174	485	1769
a	186	63	4714
a	43	474	1903
a	381	144	549
a	54	254	594
a	312	393	95
a	58	245	1240
a	208	298	1820
a	428	295	3685
a	30	119	145
a	418	269	3967
a	128	491	287
a	280	214	2984
a	389	412	3414
a	485	291	4494
a	342	404	4685
a	459	328	3595
a	464	482	96
a	158	362	564
a	313	259	4069
a	403	385	1552
a	280	500	3426
a	81	367	3266
a	261	99	1890
a	160	154	3209
a	289	491	1101
a	136	98	783
a	247	188	2759
a	398	166	3603
a	131	297	1931
a	387	179	1100
a	28	167	640
a	216	191	922
a	95	137	1983
a	117	321	1540
a	431	139	3568
a	236	81	4792
a	188	428	3278
a	344	146	544
a	364	301	947
a	478	317	1380
a	377	206	4152
a	122	378	2218
a	50	239	254
a	235	326	2394
a	456	441	1440
a	462	243	4548
a	352	233	255
a	315	479	2682
a	187	168	744
a	358	403	195
a	489	64	1938
a	239	372	2232
a	206	103	2619
a	78	93	2641
a	437	194	4446
a	276	192	4253
a	495	444	2081
a	280	131	159
a	256	188	3880
a	115	329	4204
a	265	162	1090
a	63	126	3497
a	356	244	2259
a	185	484	3499
a	80	254	4082
a	90	427	555
a	237	72	3095
a	80	141	3327
a	425	215	4299
a	472	150	1787
a	307	215	750
a	478	108	1352
a	297	45	3060
a	189	7	3811
a	65	25	3811
a	445	125	1568
a	23	384	369
a	481	329	3377
a	175	197	4520
a	368	197	1246
a	374	303	1584
a	307	354	1704
a	258	162	2413
a	278	161	4368
a	328	418	1916
a	442	438	984
a	13	285	1056
a	92	314	4865
a	44	437	3190
a	410	315	2130
a	466	99	4598
a	339	147	380
a	328	128	3640
a	277	201	3004
a	405	4	2299
a	79	221	2796
a	46	270	1237
a	495	141	566
a	286	168	3289
a	195	238	2698
a	91	385	2385
a	305	483	2486
a	34	35	1155
a	253	429	4240
a	471	474	1142
a	309	491	1785
a	152	426	1438
a	45	481	1523
a	346	96	4490
a	347	217	4436
a	404	256	312
a	228	76	4548
a	67	198	1363
a	105	287	3222
a	379	89	4123
a	482	322	2252
a	407	385	2763
a	351	36	4804
a	84	464	3962
a	284	146	3482
a	8	244	796
a	193	168	1641
a	140	497	4202
a	198	187	3552
a	75	140	202
a	368	146	3097
a	458	28	2365
a	193	345	3453
a	28	286	1042
a	107	255	236
a	430	9	1123
a	442	475	1987
a	144	432	135
a	129	268	620
a	25	467	4631
a	486	2	4078
a	385	43	3168
a	382	450	4242
a	370	442	2713
a	498	342	4078
a	300	480	4024
a	361	214	3089
a	418	119	3938
a	262	44	192
a	357	98	2593
a	124	339	442
a	114	153	435
a	452	473	1431
a	149	487	3987
a	208	109	4329
a	228	96	409
a	492	429	257
a	33	231	3826
a	437	333	2496
a	76	3	1574
a	460	162	3589
a	317	295	2475
a	155	293	977
a	363	454	1881
a	166	103	569
a	351	169	4181
a	47	224	3190
a	51	229	3789
a	434	295	1066
a	402	265	335
a	26	429	1276
a	355	315	2303
a	283	54	2527
a	430	331	1351
a	491	427	2649
a	329	340	3884
a	19	496	3558
a	60	220	2086
a	320	49	2945
a	400	249	3323
a	37	252	4482
a	421	285	238
a	353	191	4688
a	297	263	2494
a	231	186	4331
a	164	241	355
a	457	73	935
a	352	369	4901
a	477	135	2741
a	150	23	3965
a	335	25	4205
a	192	281	191
a	173	142	4049
a	73	10	865
a	382	28	316
a	477	312	437
a	304	210	3642
a	49	17	4652
a	168	417	2444
a	211	261	1316
a	304	161	2575
a	253	130	2715
a	174	490	316
a	177	262	3152
a	253	115	3064
a	129	187	300
a	239	192	3146
a	263	208	2008
a	91	457	498
a	475	86	3581
a	78	241	4248
a	66	312	1995
a	398	282	3033
a	110	32	4186
a	8	479	2539
a	265	496	104
a	51	291	958
a	19	193	4546
a	113	46	686
a	460	341	4486
a	448	309	4549
a	199	56	4303
a	188	335	4025
a	27	203	3351
a	113	264	344
a	166	274	4560
a	155	47	3736
a	86	453	660
a	89	295	958
a	326	468	885
a	458	84	2111
a	60	87	4841
a	4	495	1784
a	400	116	3182
a	316	440	3931
a	93	10	4142
a	45	56	1756
a	68	367	4410
a	235	470	4679
a	172	445	275
a	304	77	2616
a	456	152	757
a	414	17	1856
a	182	29	1121
a	319	156	4497
a	450	477	2197
a	159	487	795
a	347	79	145
a	209	98	126
a	427	55	4851
a	157	194	43
a	33	476	1673
a	294	421	2078
a	247	351	2432
a	53	2	2131
a	440	441	454
a	119	257	687
a	190	116	3736
a	87	468	4547
a	446	429	179
a	284	24	125
a	86	148	1478
a	165	267	4314
a	458	263	2870
a	240	324	3799
a	32	80	3721
a	388	381	2574
a	479	316	4984
a	140	462	4661
a	71	230	1863
a	424	425	4213
a	61	76	4026
a	377	399	3061
a	222	225	2229
a	259	121	503
a	296	99	4136
a	245	128	2594
a	248	412	212
a	169	260	3170
a	350	325	3710
a	84	113	324
a	453	68	3403
a	130	105	4567
a	225	45	1507
a	98	277	1104
a	235	148	2701
a	386	142	1554
a	487	314	1418
a	272	297	3838
a	382	84	4113
a	220	151	4324
a	225	271	1935
a	281	13	2464
a	73	339	1728
a	96	28	3877
a	405	116	106
a	443	289	493
a	229	336	2343
a	301	195	2462
a	486	321	132
a	291	373	1812
a	183	291	4534
a	257	421	2791
a	172	48	210
a	418	80	1524
a	78	190	2182
a	6	171	3037
a	138	115	4183
a	30	61	1109
a	417	168	1589
a	110	271	4224
a	348	384	1949
a	495	467	4047
a	494	25	3961
a	256	264	1236
a	218	214	3569
a	473	403	3786
a	240	386	4838
a	194	79	3557
a	216	427	4716
a	56	20	4138
a	155	344	455
a	155	457	1155
a	213	51	2059
a	340	170	2454
a	17	121	4885
a	326	397	1121
a	296	176	1062
a	406	277	2842
a	37	199	4790
a	69	310	1754
a	145	366	2215
a	168	25	918
a	316	497	778
a	382	150	2756
a	37	313	1971
a	405	325	3281
a	150	8	2983
a	36	103	642
a	338	123	4071
a	410	284	1029
a	376	58	3392
a	230	4	3099
a	343	383	3328
a	115	196	2090
a	232	424	3352
a	49	214	236
a	452	149	1425
a	285	339	763
a	485	43	3261
a	419	437	3149
a	266	32	2630
a	81	103	4583
a	290	301	3719
a	209	315	651
a	318	487	1750
a	134	378	1056
a	53	122	4013
a	20	373	256
a	8	341	3505
a	190	189	3284
a	401	378	1295
a	369	14	1171
a	470	268	1624
a	90	352	1978
a	402	100	1066
a	431	403	4780
a	179	426	3247
a	308	334	4678
a	38	83	4745
a	108	403	2502
a	255	332	4236
a	203	481	2264
a	458	174	4089
a	32	247	90
a	160	316	1742
a	123	310	4858
a	434	6	773
a	301	310	2666
a	467	178	2902
a	231	181	2553
a	151	468	24
a	291	241	3792
a	44	382	4509
a	382	108	3954
a	1	341	726
a	301	250	53
a	304	162	4155
a	12	371	2046
a	187	255	3174
a	244	452	3266
a	125	71	1065
a	419	448	2143
a	426	492	284
a	381	174	4165
a	426	383	1456
a	485	208	907
a	252	189	1272
a	91	121	1559
a	96	401	2370
a	314	456	3616
a	470	78	2931
a	15	22	2716
a	458	401	273
a	332	442	4676
a	318	253	4713
a	321	143	3747
a	216	355	4482
a	308	435	736
a	294	122	183
a	341	53	657
a	436	287	2370
a	327	6	4607
a	421	77	1348
a	203	397	3212
a	94	166	2107
a	154	362	2243
a	69	381	1143
a	468	142	3053
a	420	233	1930
a	283	307	2773
a	97	221	2077
a	150	65	3394
a	391	297	185
a	230	275	2937
a	268	52	4671
a	211	450	4659
a	196	278	3082
a	272	206	3697
a	310	266	2165
a	31	100	1543
a	367	316	1418
a	224	38	1981
a	254	198	3109
a	58	437	1388
a	404	153	4925
a	263	166	1510
a	12	486	3028
a	110	385	1470
a	115	45	780
a	484	173	554
a	110	227	3671
a	392	430	2698
a	356	103	3568
a	357	266	1053
a	52	344	4988
a	9	171	2775
a	213	331	1420
a	100	243	4045
a	483	205	2015
a	247	124	1493
a	124	233	2115
a	227	240	3677
a	458	260	4323
a	66	193	533
a	123	400	1142
a	259	346	1073
a	377	285	3013
a	198	349	1545
a	457	341	3102
a	350	40	471
a	98	65	3770
a	169	105	4424
a	108	106	1203
a	112	109	4277
a	476	454	3879
a	202	114	1785
a	187	266	1383
a	340	484	2439
a	311	165	1367
a	226	479	1462
a	230	319	981
a	291	137	4730
a	221	88	2548
a	22	410	3361
a	12	164	1423
a	149	13	325
a	44	213	4824
a	7	483	1272
a	343	459	744
a	21	67	3767
a	314	63	1165
a	319	290	4614
a	196	191	4221
a	471	103	2456
a	437	179	2811
a	286	72	652
a	324	283	4407
a	276	230	3210
a	370	201	931
a	426	311	1921
a	180	378	2606
a	261	135	4036
a	256	265	2226
a	223	309	901
a	78	456	3433
a	483	152	2487
a	5	19	4353
a	27	487	1017
a	392	168	3372
a	194	76	1531
a	327	424	3540
a	240	274	2601
a	472	116	695
a	218	408	1105
a	5	326	2563
a	84	321	1277
a	455	298	3510
a	331	280	4643
a	38	353	1597
a	424	21	2884
a	207	298	4759
a	420	33	2496
a	3	91	570
a	442	473	3675
a	255	239	1840
a	206	481	195
a	49	410	656
a	358	236	2258
a	201	176	4108
a	220	116	4542
a	97	487	1155
a	334	500	4500
a	262	369	1231
a	337	304	1165
a	358	462	2831
a	417	361	573
a	498	340	3153
a	54	17	991
a	149	259	3681
a	100	375	1284
a	120	397	4793
a	474	396	2627
a	20	16	3198
a	295	174	152
a	370	124	1938
a	423	202	540
a	157	58	2088
a	437	474	3145
a	497	71	545
a	303	385	437
a	379	103	332
a	260	436	358
a	86	332	651
a	198	266	2046
a	326	351	3382
a	108	396	749
a	95	150	2034
a	98	150	4611
a	226	67	3387
a	302	276	815
a	216	85	4155
a	202	168	4118
a	203	369	4303
a	278	111	129
a	391	452	574
a	340	284	2911
a	486	93	2507
a	433	39	3118
a	254	457	267
a	40	351	2753
a	168	276	2009
a	68	373	823
a	466	184	2053
a	34	276	4626
a	291	447	420
a	135	118	3641
a	106	482	1264
a	413	225	4294
a	381	173	3835
a	437	235	4811
a	138	8	3683
a	413	146	2762
a	437	28	1426
a	266	340	2957
a	143	174	4389
a	483	323	4352
a	87	349	2383
a	199	391	1224
a	388	214	1798
a	413	293	178
a	242	313	658
a	99	384	2784
a	118	492	4012
a	104	298	2290
a	218	318	3840
a	146	51	1499
a	131	413	3588
a	198	487	2093
a	397	322	3647
a	401	135	2474
a	184	369	4368
a	27	205	1621
a	155	432	3158
a	142	174	4442
a	19	417	2758
a	496	402	2152
a	421	477	3641
a	463	148	3066
a	373	22	1670
a	40	29	1496
a	224	362	4144
a	231	41	3140
a	433	242	2329
a	349	446	3696
a	282	489	2531
a	211	453	2378
a	35	147	3193
a	182	326	4568
a	386	347	128
a	352	125	4235
a	443	263	4844
a	172	447	981
a	376	226	2069
a	361	114	167
a	257	95	2961
a	78	49	4269
a	229	395	4954
a	152	34	4205
a	443	485	3276
a	413	197	3625
a	208	265	970
a	181	202	2681
a	280	309	3771
a	313	179	1493
a	190	235	2606
a	63	123	977
a	9	170	2221
a	66	60	1822
a	341	246	1828
a	214	108	4885
a	473	38	1967
a	365	16	1055
a	293	371	3691
a	269	458	4234
a	345	28	953
a	482	415	3507
a	264	165	2182
a	406	271	4457
a	293	183	1434
a	248	414	2844
a	93	330	3795
a	353	229	3648
a	279	213	887
a	325	119	3592
a	435	459	4202
a	207	119	280
a	500	227	1114
a	211	112	1148
a	49	381	2457
a	396	486	945
a	59	21	212
a	244	31	2778
a	277	71	4292
a	139	42	4593
a	447	376	1397
a	361	255	3289
a	347	60	54
a	337	6	4138
a	390	8	958
a	11	197	1450
a	124	330	744
a	417	174	1439
a	91	51	2930
a	257	325	3879
a	78	303	3066
a	290	263	3466
a	67	203	3072
a	260	322	265
a	190	135	4197
a	114	421	2901
a	136	223	2968
a	89	161	2647
a	146	488	3807
a	365	244	945
a	94	434	2673
a	354	263	1876
a	492	249	2899
a	166	126	2097
a	167	403	2292
a	448	494	4034
a	430	306	3677
a	113	470	2328
a	269	33	768
a	297	296	3437
a	411	304	3244
a	350	295	1720
a	306	185	1184
a	37	295	2670
a	221	10	36
a	98	311	4917
a	353	114	168
a	23	244	3515
a	112	455	2720
a	371	338	1872
a	102	230	3639
a	12	250	3580
a	224	112	2684
a	3	393	3525
a	499	438	2785
a	174	354	368
a	126	123	1298
a	291	386	485
a	370	441	286
a	116	181	1919
a	183	257	1295
a	372	334	1095
a	159	296	2629
a	417	217	1644
a	263	382	4054
a	11	225	621
a	20	17	2834
a	367	186	291
a	370	234	14
a	470	177	4297
a	399	255	2272
a	147	142	1188
a	176	398	2856
a	33	11	3435
a	238	60	1828
a	100	37	4822
a	104	160	3341
a	473	493	1931
a	123	125	2025
a	90	366	4881
a	296	481	4810
a	434	339	3896
a	270	21	2766
a	398	206	3072
a	133	355	767
a	482	71	1386
a	164	399	4201
a	207	491	4189
a	26	424	512
a	86	444	1915
a	331	263	2446
a	166	324	4946
a	154	276	4547
a	179	251	3903
a	326	126	2423
a	130	269	2154
a	102	465	340
a	83	388	3379
a	338	315	3904
a	359	83	4461
a	415	461	663
a	254	383	774
a	202	282	3870
a	25	428	1496
a	338	93	265
a	267	475	3548
a	239	495	1827
a	211	262	3533
a	262	237	3833
a	162	433	722
a	54	242	24
a	128	112	1332
a	493	434	4499
a	7	200	2961
a	253	338	3413
a	78	359	4133
a	392	436	3242
a	290	335	1509
a	39	72	1174
a	63	292	1531
a	87	418	4113
a	18	231	1577
a	39	319	2867
a	479	436	2950
a	227	39	4805
a	356	385	3586
a	203	62	745
a	142	175	245
a	188	313	2645
a	434	89	944
a	188	424	297
a	335	299	2470
a	26	174	2549
a	35	436	4684
a	391	299	406
a	207	3	3762
a	409	120	443
a	301	58	3387
a	103	114	4327
a	304	241	225
a	324	252	934
a	234	126	3108
a	415	199	3651
a	21	188	4540
a	210	7	1303
a	324	3	4311
a	453	417	3973
a	182	97	2714
a	148	305	1821
a	11	75	421
a	286	82	2792
a	128	92	1785
a	180	352	801
a	39	159	510
a	356	97	796
a	319	127	2485
a	440	444	206
a	284	373	2753
a	450	109	1748
a	158	330	1717
a	124	116	717
a	289	169	4148
a	274	191	1376
a	437	273	330
a	204	60	2050
a	483	207	2336
a	216	466	1861
a	473	37	1727
a	189	289	1244
a	160	41	4796
a	143	464	2425
a	421	158	1328
a	298	363	1166
a	317	477	1532
a	284	138	1351
a	14	39	3864
a	146	167	2112
a	240	214	4382
a	273	40	4435
a	193	369	3893
a	411	166	4775
a	433	418	2932
a	288	427	4814
a	17	35	4847
a	311	385	2498
a	458	119	1528
a	26	275	1371
a	374	291	1341
a	175	182	4816
a	107	164	3322
a	217	484	3172
a	93	329	1565
a	383	51	4774
a	202	112	2444
a	350	328	3341
a	202	451	4673
a	349	16	104
a	46	48	3746
a	291	139	3543
a	371	377	1326
a	395	217	1317
a	178	299	1758
a	36	221	2675
a	384	406	3759
a	168	493	4544
a	372	85	2783
a	489	151	4648
a	452	45	886
a	183	143	4332
a	408	139	1175
a	44	215	1891
a	462	493	4503
a	336	443	4717
a	261	372	2412
a	470	170	1350
a	318	462	3022
a	416	338	4188
a	185	411	96
a	152	332	64
a	167	317	2342
a	448	368	4674
a	479	285	2317
a	216	123	335
a	279	139	4122
a	463	222	4140
a	248	443	4679
a	467	155	3747
a	468	192	3111
a	350	292	3899
a	64	93	314
a	122	335	2907
a	487	117	2038
a	25	294	58
a	102	276	4825
a	49	408	3033
a	254	467	4569
a	328	337	3951
a	477	208	690
a	391	17	3291
a	451	314	2613
a	286	377	1723
a	68	49	2085
a	456	211	631
a	447	415	1745
a	432	172	233
a	286	27	4189
a	55	330	2310
a	495	387	3583
a	10	89	68
a	360	414	2706
a	87	85	213
a	209	175	2576
a	228	157	2679
a	158	224	2247
a	470	182	4691
a	39	167	1774
a	161	61	3708
a	109	287	1663
a	238	61	1537
a	105	392	3217
a	313	452	3596
a	332	480	4895
a	249	454	1648
a	84	385	4944
a	179	431	2644
a	38	86	1195
a	317	5	1167
a	449	181	2868
a	123	346	761
a	113	352	2668
a	117	360	3199
a	383	149	3185
a	184	437	2977
a	165	34	239
a	117	281	3062
a	50	482	787
a	95	438	3966
a	154	388	2469
a	140	247	153
a	40	35	4443
a	279	284	1231
a	212	225	2836
a	35	360	1656
a	453	25	4687
a	439	474	772
a	339	222	2443
a	103	73	2694
a	277	156	2651
a	301	102	4530
a	182	235	1978
a	349	378	32
a	337	163	2893
a	72	80	2737
a	149	180	431
a	45	259	1349
a	76	415	3388
a	266	451	3708
a	413	144	4876
a	185	241	1826
a	114	185	938
a	190	354	378
a	152	277	2507
a	90	33	3164
a	356	172	4787
a	123	171	2068
a	33	135	4255
a	155	261	934
a	218	431	1592
a	198	372	3938
a	364	4	786
a	51	114	919
a	435	211	3504
a	164	307	2943
a	278	303	467
a	287	439	2952
a	296	26	59
a	359	481	2673
a	433	359	4623
a	476	259	4395
a	301	424	4146
a	88	267	3964
a	141	319	4816
a	36	43	1592
a	130	48	797
a	477	231	329
a	102	220	1993
a	139	290	4469
a	187	62	2478
a	475	379	4834
a	59	120	2207
a	234	142	3588
a	414	394	3135
a	21	44	1676
a	157	444	831
a	201	424	2241
a	262	89	5000
a	215	91	2277
a	205	97	3151
a	209	102	145
a	137	257	493
a	390	189	4013
a	440	462	4765
a	115	332	3227
a	180	272	627
a	303	458	2278
a	75	347	4632
a	425	312	3672
a	470	472	1842
a	440	155	256
a	227	245	1447
a	317	363	4887
a	179	374	24
a	166	80	151
a	80	273	1425
a	260	29	2804
a	155	481	1836
a	265	353	2078
a	217	88	4716
a	199	24	3499
a	146	164	748
a	269	170	1435
a	331	369	1110
a	98	92	3425
a	221	258	4721
a	411	342	1476
a	202	113	2452
a	478	258	81
a	338	369	3292
a	328	423	1504
a	409	170	3049
a	443	71	2551
a	408	494	4117
a	168	494	4344
a	462	208	216
a	215	424	4595
a	201	362	2244
a	384	262	3205
a	272	459	602
a	135	440	3085
a	357	248	265
a	148	69	3210
a	286	79	1486
a	276	225	255
a	24	122	12
a	426	306	4813
a	285	109	1424
a	294	453	806
a	152	478	332
a	81	392	3838
a	393	20	3453
a	379	239	1691
a	124	42	2615
a	313	205	2256
a	137	31	3289
a	321	298	3489
a	195	273	4553
a	379	92	1752
a	143	17	3160
a	76	20	3758
a	100	146	4416
a	80	366	1599
a	375	441	1525
a	17	492	4671
a	407	211	997
a	467	444	72
a	269	206	1369
a	17	125	29
a	383	240	1366
a	118	103	4451
a	4	284	3817
a	226	156	1712
a	406	408	2948
a	198	94	2156
a	145	354	1826
a	278	70	1383
a	88	340	3775
a	292	102	851
a	224	276	4117
a	150	12	1838
a	338	228	3150
a	362	238	3322
a	183	125	2921
a	408	377	3328
a	452	2	614
a	277	89	2742
a	395	418	3273
a	319	323	3
a	447	414	3177
a	48	14	3252
a	177	366	318
a	34	209	2588
a	370	153	2401
a	461	46	4862
a	125	129	598
a	57	417	4386
a	485	265	2875
a	110	158	2061
a	20	130	3313
a	204	359	2662
a	100	80	4109
a	449	328	466
a	11	449	1975
a	403	329	2486
a	425	129	610
a	75	65	3668
a	482	69	3234
a	47	239	1020
a	375	306	2465
a	431	12	4124
a	363	330	2881
a	136	426	4706
a	217	257	76
a	222	18	4134
a	136	313	3470
a	16	287	1921
a	396	251	2777
a	469	411	3963
a	144	243	2974
a	121	63	275
a	230	363	2327
a	490	396	2201
a	453	24	1443
a	279	396	1057
a	409	98	3714
a	211	42	396
a	196	318	745
a	220	164	4766
a	153	101	4665
a	262	449	2907
a	414	284	711
a	396	319	343
a	324	154	3979
a	456	18	2447
a	462	8	2585
a	106	94	3764
a	451	281	2181
a	386	404	4157
a	333	182	4499
a	54	274	1625
a	185	97	3448
a	280	331	3166
a	63	64	2720
a	351	325	1412
a	8	373	347
a	322	77	3287
a	412	207	2182
a	161	329	217
a	203	210	4294
a	321	131	4623
a	237	495	3128
a	113	33	4772
a	407	309	3296
a	458	383	248
a	227	438	1959
a	164	429	2243
a	274	285	1474
a	249	195	3935
a	122	51	2947
a	430	360	1073
a	469	462	1154
a	226	213	1659
a	445	309	4305
a	107	186	2099
a	302	17	3723
a	231	213	3161
a	272	36	4750
a	339	12	3833
a	490	480	1096
a	328	283	2394
a	35	263	3795
a	178	261	585
a	201	252	159
a	183	52	1489
a	221	225	4370
a	277	191	4445
a	7	362	3931
a	215	391	4777
a	376	229	4296
a	456	157	2457
a	291	348	4070
a	295	444	3143
a	135	87	3392
a	79	394	2723
a	45	358	1427
a	395	379	4079
a	347	66	4942
a	158	174	3670
a	252	221	1876
a	200	352	1090
a	243	258	3050
a	319	121	1430
a	413	484	2628
a	128	380	1939
a	147	200	631
a	228	37	3066
a	124	118	1166
a	190	121	95
a	341	243	2447
a	214	99	4132
a	308	492	4197
a	27	396	4058
a	146	18	3239
a	402	168	1290
a	203	79	2937
a	407	345	358
a	213	26	721
a	99	159	410
a	363	274	716
a	236	28	1254
a	17	400	3551
a	26	494	362
a	282	135	4028
a	50	427	1630
a	362	489	320
a	500	383	653
a	192	184	3713
a	328	424	200
a	400	85	3975
a	430	209	456
a	88	488	4083
a	224	87	3587
a	443	183	2108
a	70	490	4818
a	254	151	1887
a	135	42	1109
a	45	168	3196
a	230	236	1901
a	370	483	4627
a	206	69	2830
a	153	383	3295
a	34	202	1673
a	24	460	2583
a	33	258	1536
a	324	263	2347
a	346	251	1171
a	256	239	3276
a	30	433	724
a	343	154	3917
a	181	43	2531
a	318	460	163
a	418	446	2155
a	241	193	932
a	190	138	2181
a	393	100	4916
a	165	456	53
a	303	350	3966
a	270	141	4340
a	308	448	4086
a	20	444	554
a	63	382	1848
a	251	246	1497
a	19	252	3498
a	189	37	4223
a	269	205	2021
a	166	351	1586
a	178	137	2187
a	434	31	1071
a	17	13	1030
a	221	357	1976
a	301	350	1383
a	212	207	1434
a	151	316	4875
a	26	23	2627
a	88	452	1015
a	362	239	4937
a	221	184	1424
a	349	483	1920
a	420	259	815
a	35	172	4663
a	281	157	3930
a	395	421	1652
a	384	146	383
a	129	81	370
a	68	66	1069
a	343	88	3869
a	181	365	1305
a	495	498	919
a	483	474	4644
a	242	47	1108
a	208	99	3672
a	427	131	3120
a	15	392	2445
a	128	292	2695
a	42	470	1006
a	375	126	3383
a	52	131	4260
a	184	123	1161
a	238	178	924
a	347	473	3643
a	289	448	2806
a	216	315	4837
a	363	444	4291
a	17	318	2114
a	165	206	3064
a	354	153	4770
a	246	491	1960
a	213	210	3231
a	434	289	3867
a	326	339	1290
a	329	461	3099
a	255	472	2895
a	292	342	3409
a	481	395	4017
a	444	121	330
a	140	354	2981
a	329	303	2478
a	226	161	2679
a	64	12	4681
a	154	386	4369
a	410	40	464
a	245	500	4614
a	121	62	775
a	163	289	4175
a	457	220	4606
a	500	85	2482
a	174	274	2238
a	324	155	4139
a	97	263	3013
a	301	245	1369
a	196	477	1815
a	346	494	2308
a	157	470	1809
a	358	377	4371
a	18	433	4216
a	294	258	2388
a	208	79	4541
a	464	473	1566
a	266	291	2237
a	195	347	3995
a	308	154	942
a	425	450	2787
a	15	29	4914
a	18	339	4532
a	123	26	1989
a	368	355	2165
a	494	423	881
a	104	460	4412
a	329	378	2579
a	282	160	1750
a	127	182	1787
a	231	37	2397
a	487	447	4202
a	255	163	4057
a	88	444	1622
a	35	151	1451
a	135	176	3557
a	385	21	1200
a	172	443	4615
a	210	2	1560
a	358	394	4036
a	337	141	1649
a	45	212	4782
a	310	216	1751
a	413	114	3934
a	181	214	4411
a	276	190	860
a	134	180	1682
a	66	278	4523
a	105	292	4323
a	243	434	3166
a	393	79	4983
a	450	104	1791
a	15	448	3451
a	119	140	1923
a	412	44	2972
a	19	114	1962
a	42	49	3118
a	189	318	2096
a	380	463	571
a	32	86	4857
a	326	264	975
a	127	372	1547
a	231	282	4339
a	325	226	3238
a	130	496	119
a	59	474	93
a	297	321	2724
a	235	253	2254
a	444	263	1424
a	70	201	3594
a	410	258	3408
a	22	415	1870
a	408	287	2677
a	456	43	992
a	55	93	2605
a	441	330	4701
a	333	236	92
a	390	125	3661
a	103	454	2600
a	210	264	2230
a	195	100	2432
a	214	448	2214
a	486	421	4371
a	181	185	3504
a	367	162	436
a	149	347	100
a	366	110	4025
a	427	166	4129
a	447	171	4767
a	333	304	4520
a	470	395	1768
a	143	19	1154
a	403	446	4125
a	422	494	543
a	459	230	3184
a	345	211	481
a	368	348	2139
a	170	494	231
a	27	363	582
a	435	111	2721
a	434	141	4050
a	26	451	3016
a	316	169	271
a	355	405	568
a	246	174	3552
a	64	33	1139
a	411	308	345
a	328	453	971
a	499	269	2417
a	79	9	4416
a	442	183	3039
a	106	120	2037
a	490	219	1275
a	328	50	4790
a	235	404	4190
a	477	463	4993
a	135	414	2672
a	148	91	3147
a	389	287	2590
a	342	273	5
a	309	456	2292
a	276	135	2629
a	333	498	2454
a	280	369	2320
a	30	317	3987
a	134	271	4496
a	191	202	4743
a	321	308	2759
a	15	56	640
a	180	121	3038
a	247	35	259
a	180	232	1921
a	146	456	535
a	455	86	1688
a	38	250	1499
a	80	332	1126
a	345	88	234
a	496	107	3267
a	445	446	912
a	411	242	185
a	273	245	2374
a	455	261	4890
a	27	2	1808
a	445	303	1886
a	249	150	2336
a	411	355	1188
a	231	290	3936
a	409	326	3689
a	338	311	3899
a	49	296	3965
a	93	63	4312
a	79	124	3603
a	395	149	3661
a	277	153	4477
a	443	129	2037
a	97	262	3485
a	480	394	349
a	477	418	1086
a	174	386	402
a	348	177	3082
a	7	38	133
a	499	180	2576
a	158	33	4256
a	125	50	4247
a	81	52	4812
a	229	116	1345
a	253	366	3401
a	474	109	3824
a	493	319	656
a	309	44	2748
a	385	500	2870
a	290	331	3665
a	440	420	2413
a	356	216	4308
a	185	464	3655
a	354	489	2242
a	247	7	4697
a	56	466	1161
a	217	65	2071
a	23	263	4986
a	5	264	4456
a	188	326	4839
a	407	164	2906
a	302	458	4366
a	298	405	2157
a	227	265	2761
a	331	295	1000
a	179	219	2435
a	255	76	4636
a	415	284	2420
a	211	456	2982
a	486	114	469
a	70	381	1982
a	415	50	3696
a	462	251	2816
a	83	130	4174
a	139	180	619
a	489	191	2079
a	153	496	3497
a	262	306	4410
a	233	162	2963
a	486	303	3625
a	372	386	3212
a	346	229	3422
a	152	86	3823
a	426	349	2441
a	461	325	4870
a	322	60	831
a	275	110	2492
a	479	246	1161
a	184	52	4660
a	482	297	4655
a	119	60	990
a	345	103	580
a	401	213	4025
a	27	319	1073
a	143	333	2117
a	222	462	3876
a	8	192	15
a	458	224	2014
a	264	313	4882
a	84	154	44
a	164	338	4217
a	130	350	2114
a	113	446	3674
a	424	63	608
a	84	9	4443
a	88	204	3037
a	98	445	2411
a	178	453	4502
a	236	339	3015
a	405	298	4231
a	46	52	631
a	490	450	1870
a	443	88	3749
a	192	344	550
a	55	47	4387
a	129	425	162
a	420	376	1577
a	349	270	2063
a	410	434	713
a	305	168	3976
a	72	141	1610
a	36	296	1097
a	371	155	3939
a	230	226	4359
a	129	75	4281
a	116	205	189
a	206	75	2402
a	233	47	2244
a	414	135	3283
a	253	421	4186
a	452	350	4658
a	6	61	44
a	11	329	1471
a	39	191	2170
a	52	314	4874
a	399	23	4207
a	440	92	778
a	242	152	2616
a	280	389	3302
a	137	28	1695
a	440	203	1147
a	75	457	2460
a	403	302	1897
a	228	313	4945
a	80	496	1022
a	84	472	548
a	113	376	725
a	351	194	1788
a	320	190	4321
a	255	294	1503
a	487	147	1559
a	89	352	564
a	198	194	2921
a	331	495	2061
a	173	384	1339
a	424	170	3759
a	64	81	2629
a	466	285	4832
a	139	385	3277
a	411	420	4342
a	121	32	4931
a	359	42	1917
a	306	178	1212
a	164	84	194
a	144	455	1886
a	349	274	1420
a	452	13	2807
a	438	40	3786
a	300	73	4197
a	395	423	3799
a	334	152	2678
a	232	318	4412
a	103	485	2318
a	72	391	736
a	100	381	2946
a	394	228	2909
a	195	67	1069
a	312	357	4180
a	204	275	3739
a	96	396	179
a	228	153	3531
a	252	7	4805
a	132	455	1470
a	167	110	1226
a	426	164	685
a	241	227	4815
a	336	185	3757
a	427	274	3560
a	30	333	992
a	42	103	3632
a	388	143	1356
a	228	334	4226
a	247	34	4600
a	237	8	1680
a	403	330	1571
a	251	148	4384
a	380	496	4261
a	123	350	1267
a	397	425	1859
a	136	429	4077
a	431	254	266
a	344	16	2678
a	202	210	270
a	98	3	1657
a	481	393	2278
a	335	338	3269
a	140	284	4460
a	268	297	1263
a	188	112	4320
a	151	124	1060
a	117	406	2292
a	373	60	4825
a	468	224	4779
a	202	436	2397
a	330	193	1151
a	352	265	1313
a	335	112	1167
a	248	330	549
a	325	74	2127
a	477	159	202
a	316	259	2186
a	305	22	2220
a	306	297	3589
a	396	427	1060
a	58	326	3008
a	168	282	3497
a	386	369	950
a	35	74	249
a	186	226	4519
a	22	311	2071
a	153	388	1352
a	346	415	3128
a	21	389	814
a	462	297	3180
a	488	164	623
a	299	252	408
a	52	476	2243
a	489	286	2044
a	253	365	3314
a	219	421	4561
a	398	371	649
a	18	318	1078
a	8	376	4018
a	90	476	2487
a	459	161	3915
a	351	471	4738
a	388	99	4433
a	425	337	3972
a	15	140	2695
a	203	164	3345
a	204	251	526
a	431	444	2011
a	473	238	940
a	74	298	3113
a	188	310	4732
a	118	51	1442
a	359	319	4048
a	433	441	1683
a	458	92	1370
a	331	294	414
a	245	180	4005
a	355	428	45
a	175	153	1588
a	363	73	4768
a	221	427	414
a	278	146	477
a	46	25	2058
a	121	216	901
a	432	349	537
a	70	227	4108
a	168	359	1412
a	277	331	3157
a	225	138	1507
a	68	448	3868
a	196	285	4751
a	415	61	41
a	159	56	4185
a	35	102	4421
a	22	352	4573
a	390	260	249
a	361	116	3212
a	234	138	866
a	73	264	3548
a	315	327	1328
a	447	322	697
a	285	355	4712
a	177	346	1396
a	418	68	899
a	334	208	3620
a	348	436	1841
a	81	416	921
a	15	349	4923
a	100	107	2890
a	360	248	2874
a	450	102	3671
a	345	324	130
a	199	353	4671
a	53	187	620
a	365	121	3688
a	20	308	1114
a	199	246	2297
a	436	164	593
a	185	348	300
a	460	226	4519
a	270	39	3893
a	109	5	4977
a	289	398	4158
a	227	70	2458
a	274	493	2872
a	458	158	1124
a	368	16	3747
a	478	85	3638
a	227	471	4376
a	160	268	4796
a	127	374	953
a	113	300	2069
a	424	401	3229
a	117	300	459
a	122	82	2630
a	175	204	2950
a	359	291	2912
a	89	267	1162
a	278	207	3576
a	154	329	246
a	127	84	1890
a	435	416	3552
a	350	333	2355
a	406	99	1013
a	74	179	2489
a	164	49	1221
a	93	245	1755
a	429	211	1035
a	382	205	3412
a	192	345	1463
a	174	217	4015
a	88	410	1201
a	35	2	2650
a	10	332	3627
a	233	157	2350
a	452	185	173
a	21	76	2865
a	485	63	2830
a	310	186	1369
a	101	112	471
a	48	324	1331
a	360	54	1023
a	495	328	2874
a	356	2	11
a	266	278	4459
a	366	479	4879
a	427	326	4371
a	473	4	4369
a	260	110	4489
a	397	307	1499
a	473	181	465
a	4	107	4948
a	27	282	4339
a	84	328	2108
a	288	349	2407
a	65	365	2788
a	448	19	1980
a	411	153	2244
a	311	480	92
a	41	132	2433
a	169	479	3580
a	377	28	4192
a	127	72	4059
a	304	449	1415
a	212	202	1992
a	230	466	2017
a	432	357	2883
a	88	455	917
a	456	363	2571
a	211	387	2468
a	22	441	4263
a	121	498	3693
a	324	49	1466
a	35	62	1166
a	372	293	4236
a	243	48	2101
a	105	55	2462
a	72	392	1516
a	72	279	759
a	314	316	2221
a	389	430	1475
a	356	87	2927
a	319	45	2568
a	11	372	4402
a	488	103	3699
a	161	71	3321
a	180	293	2352
a	63	40	4285
a	185	299	2022
a	66	145	1479
a	472	168	3053
a	108	372	235
a	218	468	122
a	170	339	4098
a	99	75	3862
a	454	155	4982
a	496	109	4743
a	193	316	2144
a	433	493	4651
a	329	300	1102
a	424	248	1664
a	297	270	1410
a	84	66	1271
a	442	388	3014
a	163	290	3069
a	408	443	3587
a	153	248	1391
a	328	370	557
a	201	196	3996
a	373	462	100
a	102	132	3078
a	230	73	686
a	49	8	1535
a	396	315	1584
a	315	461	307
a	125	494	840
a	91	290	342
a	36	353	2850
a	475	131	1067
a	149	78	2741
a	495	204	2255
a	484	339	2791
a	149	191	127
a	395	339	1058
a	418	144	506
